     0.000     0.000     0.000     0.000     0.000     0.000     0.000     0.000     0.000     0.000
     0.000     0.000     0.000     0.000     0.000     0.000     0.000     0.000     0.000     0.000
     0.000     0.000     0.000     0.000     0.000     0.000     0.000     0.000     0.000     1.000
     0.000     0.000     0.000     0.000     0.000     0.000     0.000     0.000     0.000     0.000
     0.000     0.000     0.000     0.000     0.000     0.000     0.000     0.000     0.000     0.000
     0.000     0.000     0.000     0.000     0.000     0.000     0.000     0.000     0.000     1.000
     0.000     0.000     0.000     0.000     0.000     0.000     0.000     0.000     0.000     0.000
     0.000     0.000     0.000     0.000     0.000     0.000     0.000     0.000     0.000     0.000
     0.000     0.000     0.000     0.000     0.000     0.000     0.000     0.000     0.000     1.000
     0.000     0.000     0.000     0.000     0.000     0.000     0.000     0.000     0.000     0.000
     0.000     0.000     0.000     0.000     0.000     0.000     0.000     0.000     0.000     0.000
     0.000     0.000     0.000     0.000     0.000     0.000     0.000     0.000     0.000     1.000
     0.000     0.000     0.000     0.000     0.000     0.000     0.000     0.000     0.000     0.000
     0.000     0.000     0.000     0.000     0.000     0.000     0.000     0.000     0.000     0.000
     0.000     0.000     0.000     0.000     0.000     0.000     0.000     0.000     0.000     1.000
     0.000     0.000     0.000     0.000     0.000     0.000     0.000     0.000     0.000     0.000
     0.000     0.000     0.000     0.000     0.000     0.000     0.000     0.000     0.000     0.000
     0.000     0.000     0.000     0.000     0.000     0.000     0.000     0.000     0.000     1.000
     0.000     0.000     0.000     0.000     0.000     0.000     0.000     0.000     0.000     0.000
     0.000     0.000     0.000     0.000     0.000     0.000     0.000     0.000     0.000     0.000
     0.000     0.000     0.000     0.000     0.000     0.000     0.000     0.000     0.000     1.000
     0.000     0.000     0.000     0.000     0.000     0.000     0.000     0.000     0.000     0.000
     0.000     0.000     0.000     0.000     0.000     0.000     0.000     0.000     0.000     0.000
     0.000     0.000     0.000     0.000     0.000     0.000     0.000     0.000     0.000     1.000
     0.000     0.000     0.000     0.000     0.000     0.000     0.000     0.000     0.000     0.000
     0.000     0.000     0.000     0.000     0.000     0.000     0.000     0.000     0.000     0.000
     0.000     0.000     0.000     0.000     0.000     0.000     0.000     0.000     0.000     1.000
     0.000     0.000     0.000     0.000     0.000     0.000     0.000     0.000     0.000     0.000
     0.000     0.000     0.000     0.000     0.000     0.000     0.000     0.000     0.000     0.000
     0.000     0.000     0.000     0.000     0.000     0.000     0.000     0.000     0.000     1.000
     0.000     0.000     0.000     0.000     0.000     0.000     0.000     0.000     0.000     0.000
     0.000     0.000     0.000     0.000     0.000     0.000     0.000     0.000     0.000     0.000
     0.000     0.000     0.000     0.000     0.000     0.000     0.000     0.000     0.000     1.000
     0.000     0.000     0.000     0.000     0.000     0.000     0.000     0.000     0.000     0.000
     0.000     0.000     0.000     0.000     0.000     0.000     0.000     0.000     0.000     0.000
     0.000     0.000     0.000     0.000     0.000     0.000     0.000     0.000     0.000     1.000
     0.000     0.000     0.000     0.000     0.000     0.000     0.000     0.000     0.000     0.000
     0.000     0.000     0.000     0.000     0.000     0.000     0.000     0.000     0.000     0.000
     0.000     0.000     0.000     0.000     0.000     0.000     0.000     0.000     0.000     1.000
     0.000     0.000     0.000     0.000     0.000     0.000     0.000     0.000     0.000     0.000
     0.000     0.000     0.000     0.000     0.000     0.000     0.000     0.000     0.000     0.000
     0.000     0.000     0.000     0.000     0.000     0.000     0.000     0.000     0.000     1.000
     0.000     0.000     0.000     0.000     0.000     0.000     0.000     0.000     0.000     0.000
     0.000     0.000     0.000     0.000     0.000     0.000     0.000     0.000     0.000     0.000
     0.000     0.000     0.000     0.000     0.000     0.000     0.000     0.000     0.000     0.000
     0.000     0.000     0.000     0.000     0.000     0.000     0.000     0.000     0.000     0.000
     0.000     0.000     0.000     0.000     0.000     0.000     0.000     0.000     0.000     0.000
     0.000     0.000     0.000     0.000     0.000     0.000     0.000     0.000     0.000     0.000
     0.000     0.000     0.000     0.000     0.000     0.000     0.000     0.000     0.000     0.000
     0.000     0.000     0.000     0.000     0.000     0.000     0.000     0.000     0.000     0.000
     0.000     0.000     0.000     0.000     0.000     0.000     0.000     0.000     0.000     0.000
     0.000     0.000     0.000     0.000     0.000     0.000     0.000     0.000     0.000     0.000
     0.000     0.000     0.000     0.000     0.000     0.000     0.000     0.000     0.000     0.000
     0.000     0.000     0.000     0.000     0.000     0.000     0.000     0.000     0.000     0.000
     0.000     0.000     0.000     0.000     0.000     0.000     0.000     0.000     0.000     0.000
     0.000     0.000     0.000     0.000     0.000     0.000     0.000     0.000     0.000     0.000
     0.000     0.000     0.000     0.000     0.000     0.000     0.000     0.000     0.000     0.000
     0.000     0.000     0.000     0.000     0.000     0.000     0.000     0.000     0.000     0.000
     0.000     0.000     0.000     0.000     0.000     0.000     0.000     0.000     0.000     0.000
     0.000     0.000     0.000     0.000     0.000     0.000     0.000     0.000     0.000     0.000
     0.000     0.000     0.000     0.000     0.000     0.000     0.000     0.000     0.000     0.000
     0.000     0.000     0.000     0.000     0.000     0.000     0.000     0.000     0.000     0.000
     0.000     0.000     0.000     0.000     0.000     0.000     0.000     0.000     0.000     0.000
     0.000     0.000     0.000     0.000     0.000     0.000     0.000     0.000     0.000     0.000
     0.000     0.000     0.000     0.000     0.000     0.000     0.000     0.000     0.000     0.000
     0.000     0.000     0.000     0.000     0.000     0.000     0.000     0.000     0.000     0.000
     0.000     0.000     0.000     0.000     0.000     0.000     0.000     0.000     0.000     0.000
     0.000     0.000     0.000     0.000     0.000     0.000     0.000     0.000     0.000     0.000
     0.000     0.000     0.000     0.000     0.000     0.000     0.000     0.000     0.000     0.000
     0.000     0.000     0.000     0.000     0.000     0.000     0.000     0.000     0.000     0.000
     0.000     0.000     0.000     0.000     0.000     0.000     0.000     0.000     0.000     0.000
     0.000     0.000     0.000     0.000     0.000     0.000     0.000     0.000     0.000     0.000
     0.000     0.000     0.000     0.000     0.000     0.000     0.000     0.000     0.000     0.000
     0.000     0.000     0.000     0.000     0.000     0.000     0.000     0.000     0.000     0.000
     0.000     0.000     0.000     0.000     0.000     0.000     0.000     0.000     0.000     0.000
     0.000     0.000     0.000     0.000     0.000     0.000     0.000     0.000     0.000     0.000
     0.000     0.000     0.000     0.000     0.000     0.000     0.000     0.000     0.000     0.000
     0.000     0.000     0.000     0.000     0.000     0.000     0.000     0.000     0.000     0.000
     0.000     0.000     0.000     0.000     0.000     0.000     0.000     0.000     0.000     0.000
     0.000     0.000     0.000     0.000     0.000     0.000     0.000     0.000     0.000     0.000
     0.000     0.000     0.000     0.000     0.000     0.000     0.000     0.000     0.000     0.000
     0.000     0.000     0.000     0.000     0.000     0.000     0.000     0.000     0.000     0.000
     0.000     0.000     0.000     0.000     0.000     0.000     0.000     0.000     0.000     0.000
     0.000     0.000     0.000     0.000     0.000     0.000     0.000     0.000     0.000     0.000
     0.000     0.000     0.000     0.000     0.000     0.000     0.000     0.000     0.000     0.000
     0.000     0.000     0.000     0.000     0.000     0.000     0.000     0.000     0.000     0.000
     0.000     0.000     0.000     0.000     0.000     0.000     0.000     0.000     0.000     0.000
     0.000     0.000     0.000     0.000     0.000     0.000     0.000     0.000     0.000     0.000
     0.000     0.000     0.000     0.000     0.000     0.000     0.000     0.000     0.000     0.000
     0.000     0.000     0.000     0.000     0.000     0.000     0.000     0.000     0.000     0.000
     0.000     0.000     0.000     0.000     0.000     0.000     0.000     0.000     0.000     0.000
     0.000     0.000     0.000     0.000     0.000     0.000     0.000     0.000     0.000     0.000
     0.000     0.000     0.000     0.000     0.000     0.000     0.000     0.000     0.000     0.000
     0.000     0.000     0.000     0.000     0.000     0.000     0.000     0.000     0.000     0.000
     0.000     0.000     0.000     0.000     0.000     0.000     0.000     0.000     0.000     0.000
     0.000     0.000     0.000     0.000     0.000     0.000     0.000     0.000     0.000     0.000
     0.000     0.000     0.000     0.000     0.000     0.000     0.000     0.000     0.000     0.000
     0.000     0.000     0.000     0.000     0.000     0.000     0.000     0.000     0.000     0.000
     0.000     0.000     0.000     0.000     0.000     0.000     0.000     0.000     0.000     1.000
     1.000     0.000     0.000     0.000     0.000     0.000     0.000     0.000     0.000     0.000
     0.000     0.000     0.000     0.000     0.000     0.000     0.000     0.000     0.000     0.000
     0.000     0.000     0.000     0.000     0.000     0.000     0.000     0.000     0.000     0.716
     1.000     0.000     0.000     0.000     0.000     0.000     0.000     0.000     0.000     0.000
     0.000     0.000     0.000     0.000     0.000     0.000     0.000     0.000     0.000     0.000
     0.000     0.000     0.000     0.000     0.000     0.000     0.000     0.000     0.000     0.716
     1.000     0.000     0.000     0.000     0.000     0.000     0.000     0.000     0.000     0.000
     0.000     0.000     0.000     0.000     0.000     0.000     0.000     0.000     0.000     0.000
     0.000     0.000     0.000     0.000     0.000     0.000     0.000     0.000     0.000     0.716
     1.000     0.000     0.000     0.000     0.000     0.000     0.000     0.000     0.000     0.000
     0.000     0.000     0.000     0.000     0.000     0.000     0.000     0.000     0.000     0.000
     0.000     0.000     0.000     0.000     0.000     0.000     0.000     0.000     0.000     0.716
     1.000     0.000     0.000     0.000     0.000     0.000     0.000     0.000     0.000     0.000
     0.000     0.000     0.000     0.000     0.000     0.000     0.000     0.000     0.000     0.000
     0.000     0.000     0.000     0.000     0.000     0.000     0.000     0.000     0.000     0.716
     1.000     0.000     0.000     0.000     0.000     0.000     0.000     0.000     0.000     0.000
     0.000     0.000     0.000     0.000     0.000     0.000     0.000     0.000     0.000     0.000
     0.000     0.000     0.000     0.000     0.000     0.000     0.000     0.000     0.000     0.716
     1.000     0.000     0.000     0.000     0.000     0.000     0.000     0.000     0.000     0.000
     0.000     0.000     0.000     0.000     0.000     0.000     0.000     0.000     0.000     0.000
     0.000     0.000     0.000     0.000     0.000     0.000     0.000     0.000     0.000     0.716
     1.000     0.000     0.000     0.000     0.000     0.000     0.000     0.000     0.000     0.000
     0.000     0.000     0.000     0.000     0.000     0.000     0.000     0.000     0.000     0.000
     0.000     0.000     0.000     0.000     0.000     0.000     0.000     0.000     0.000     0.716
     1.000     0.000     0.000     0.000     0.000     0.000     0.000     0.000     0.000     0.000
     0.000     0.000     0.000     0.000     0.000     0.000     0.000     0.000     0.000     0.000
     0.000     0.000     0.000     0.000     0.000     0.000     0.000     0.000     0.000     0.716
     1.000     0.000     0.000     0.000     0.000     0.000     0.000     0.000     0.000     0.000
     0.000     0.000     0.000     0.000     0.000     0.000     0.000     0.000     0.000     0.000
     0.000     0.000     0.000     0.000     0.000     0.000     0.000     0.000     0.000     0.716
     1.000     0.000     0.000     0.000     0.000     0.000     0.000     0.000     0.000     0.000
     0.000     0.000     0.000     0.000     0.000     0.000     0.000     0.000     0.000     0.000
     0.000     0.000     0.000     0.000     0.000     0.000     0.000     0.000     0.000     0.716
     1.000     0.000     0.000     0.000     0.000     0.000     0.000     0.000     0.000     0.000
     0.000     0.000     0.000     0.000     0.000     0.000     0.000     0.000     0.000     0.000
     0.000     0.000     0.000     0.000     0.000     0.000     0.000     0.000     0.000     0.716
     1.000     0.000     0.000     0.000     0.000     0.000     0.000     0.000     0.000     0.000
     0.000     0.000     0.000     0.000     0.000     0.000     0.000     0.000     0.000     0.000
     0.000     0.000     0.000     0.000     0.000     0.000     0.000     0.000     0.000     0.716
     1.000     0.000     0.000     0.000     0.000     0.000     0.000     0.000     0.000     0.000
     0.000     0.000     0.000     0.000     0.000     0.815     0.000     0.972     0.000     0.000
     0.972     0.000     0.000     0.000     0.972     0.000     0.000     0.000     0.000     0.972
     0.000     0.000     0.000     0.000     0.000     0.972     0.000     0.000     0.000     0.000
     0.000     0.000     0.972     0.000     0.000     0.000     0.000     0.000     0.000     0.000
     0.972     0.000     0.000     0.000     0.000     0.000     0.000     0.000     0.000     0.972
     0.000     0.000     0.000     0.000     0.000     0.000     0.000     0.000     0.000     0.972
     0.000     0.000     0.000     0.000     0.000     0.000     0.000     0.000     0.000     0.000
     0.972     0.000     0.000     0.000     0.000     0.000     0.000     0.000     0.000     0.000
     0.000     0.000     0.972     0.000     0.000     0.000     0.000     0.000     0.000     0.000
     0.000     0.000     0.000     0.000     0.000     0.972     0.000     0.000     0.000     0.000
     0.000     0.000     0.000     0.000     0.000     0.000     0.000     0.000     0.000     0.972
     0.000     0.000     0.000     0.000     0.000     0.000     0.000     0.000     0.000     0.000
     0.000     0.000     0.000     0.000     0.972     0.000     0.000     0.000     0.000     0.000
     0.000     0.000     0.000     0.000     0.000     0.000     0.000     0.000     0.000     0.000
     0.000     0.000     0.000     0.000     0.000     0.000     0.000     0.000     0.000     0.000
     0.000     0.000     0.000     0.000     0.000     0.000     0.000     0.000     0.000     0.000
     0.000     0.000     0.000     0.000     0.000     0.000     0.000     0.000     0.000     0.000
     0.000     0.000     0.000     0.000     0.000     0.000     0.000     0.000     0.000     0.000
     0.000     0.000     0.000     0.000     0.000     0.000     0.000     0.000     0.000     0.000
     0.000     0.000     0.000     0.000     0.000     0.000     0.000     0.000     0.000     0.000
     0.000     0.000     0.000     0.000     0.000     0.000     0.000     0.000     0.000     0.000
     0.000     0.000     0.000     0.000     0.000     0.000     0.000     0.000     0.000     0.000
     0.000     0.000     0.000     0.000     0.000     0.000     0.000     0.000     0.000     0.000
     0.000     0.000     0.000     0.000     0.000     0.000     0.000     0.000     0.000     0.000
     0.000     0.000     0.000     0.000     0.000     0.000     0.000     0.000     0.000     0.000
     0.000     0.000     0.000     0.000     0.000     0.000     0.000     0.000     0.000     0.000
     0.000     0.000     0.000     0.000     0.000     0.000     0.000     0.000     0.000     0.000
     0.000     0.000     0.000     0.000     0.000     0.000     0.000     0.000     0.000     0.000
     0.000     0.000     0.000     0.000     0.000     0.000     0.000     0.000     0.000     0.000
     0.000     0.000     0.000     0.000     0.000     0.000     0.000     0.000     0.000     0.000
     0.000     0.000     0.000     0.000     0.000     0.000     0.000     0.000     0.000     0.000
     0.000     0.000     0.000     0.000     0.000     0.000     0.000     0.000     0.000     0.000
     0.000     0.000     0.000     0.000     0.000     0.000     0.000     0.000     0.000     0.000
     0.000     0.000     0.000     0.000     0.000     0.000     0.000     0.000     0.000     0.000
     0.000     0.000     0.000     0.000     0.000     0.000     0.000     0.000     0.000     0.000
     0.000     0.000     0.000     0.000     0.000     0.000     0.000     0.000     0.000     0.000
     0.000     0.000     0.000     0.000     0.000     0.000     0.000     0.000     0.000     0.000
     0.000     0.000     0.000     0.000     0.000     0.000     0.000     0.000     0.000     0.000
     0.000     0.000     0.000     0.000     0.000     0.000     0.000     0.000     0.000     0.000
     0.000     0.000     0.000     0.000     0.000     0.000     0.000     0.000     0.000     0.000
     0.000     0.000     0.000     0.000     0.000     0.000     0.000     0.000     0.000     0.000
     0.000     0.000     0.000     0.000     0.000     0.000     0.000     0.000     0.000     0.000
     0.000     0.000     0.000     0.000     0.000     0.000     0.000     0.000     0.000     0.000
     0.000     0.000     0.000     0.000     0.000     0.000     0.000     0.000     0.000     0.000
