0.645652097264908,-0.968874979907961,-1.40069486445473,-2.08367468416201,-0.179092160860985,-1.08919642938584,-3.16004567242308,-3.08242660776778,-2.81807186436795,-4.33032487467348,-5.86453713978971,-4.86972585028842,-4.96156634793851,-6.77435168578113
-0.263481973747184,-0.986431583940007,-2.30565246295808,-2.64009565927993,-1.51133909105329,-4.47416788970535,-1.38016991170526,-3.95229416659105,-4.76222974472003,-6.49859715027191,-5.49290948393861,-6.47337148362409,-6.78463419865202,-5.94845236313785
-0.51946348604466,1.8444426738435,-2.005133034013,-0.470205906865472,-3.30375195981225,-0.757481983523518,-2.83425245835983,-0.850569639038021,-2.67551182705941,0.482643113139659,-1.14431112914663,-0.565802814661659,-1.51928550229671,-2.90337348096577
-0.885636014733781,0.476732725658918,2.26849424641216,-1.36871789352336,-0.0471104323224522,-1.90514808340282,-1.28577934516571,0.548370169932059,-1.19435356004609,-0.0247619596868731,-1.05417898047238,-1.02649013586573,-0.254486098235601,-1.20394984919954
2.0680525454068,0.138877552315641,2.41303369889228,1.36839253727011,0.353518112410806,1.35784381123955,1.63487796691156,2.10417538489889,1.35779470594351,3.19916793650461,2.33637913564884,4.00144059806152,5.04756519391053,2.66343331287556
2.54614551302477,4.60729232996051,3.99781018387243,3.41468860523058,4.99645616399068,4.60840504544161,5.48846676457506,4.01746986350988,5.93448332614628,8.86891274299308,7.44396149206653,11.4070119200784,10.8982910868237,8.36342601820734
1.90633390470503,1.70956485017471,3.06971574575609,1.29026385576932,4.09225690664345,2.57873392140838,3.72771848867244,2.81582928624495,2.43116940700514,2.50753007073193,2.57888556281045,3.42560769368798,3.57857729039075,3.68087150329427
1.16177126572939,0.329106290479846,0.902356450721206,0.601894986194501,-0.547969731343161,-0.265289098822284,0.453641753429877,0.906457210241008,-1.2921437996026,-1.24630824945719,-2.36234198608371,-2.47309894772032,-1.94006019645562,-3.33907117357229
0.38649528693246,-1.25505335123384,0.846659170836876,-0.173874255978638,-2.03505101219958,-2.49808541758599,-1.99088671844142,-3.40295954541384,-2.0499955531523,-3.94925007526497,-2.29210367199111,-5.37930816080482,-5.65555569764254,-2.89325623060692
0.551769811206614,1.04521836896564,1.19153321515703,0.505011595785516,1.21211691485872,0.20030762633702,3.07122143212426,1.14478434207116,1.93666256938393,0.412174564953229,0.561566540429773,-0.0841050923715279,3.2507611032937,0.456374227375565
1.51375162486938,2.66310255589272,2.51076599839668,1.38125769370021,1.15946805212334,3.33858565739154,3.83621390970973,5.5729444292749,3.0126225591425,4.07065188440174,6.94037508817133,4.09213361358442,5.32686894652041,6.28651875027111
1.66130075046073,2.55575163023553,3.83445432642578,3.12407107221972,2.89734396376197,3.39160715788686,3.94895171430482,3.91782763755015,3.92931563954448,3.86829688444415,6.09310298537376,5.61440264769867,5.70751056514038,7.65205833230094
1.64921492492211,-0.965877012901763,-1.1288258803283,-0.183094988909343,-0.719948167344893,1.92573134992471,0.0042710500763059,1.34528461693006,-0.53633767496713,0.553888471166884,1.75929993613245,0.637721396282933,0.872729531180494,0.693861829250695
-1.1804697046171,3.36795000004107,3.92709642183339,2.98766766274848,2.32494237074441,2.28011168082441,2.94477175126301,4.22231755145766,3.39237993296822,2.74020906706822,2.48391396346168,3.49230757560154,3.12153515095538,3.25261836964821
-0.232989655138806,0.893101416158921,-1.51497529471862,-2.61387558779515,-2.32539888871649,-3.21598883019076,-4.02559731956028,-3.62372386237442,-2.78867334763832,-3.58478413353208,-5.33121045163836,-2.50926510901783,-5.3835112725463,-4.95353866251346
2.36715042598409,2.05321300080963,2.27033680193114,1.59818404198264,2.75119122768158,2.35245643527365,3.80410728148605,2.58196909780282,2.91173681997944,3.04987328876424,3.99588563085237,4.66912164373086,4.4195530263799,7.18455673427942
0.0190196910661083,1.3013756617123,2.92496550788884,1.01476623033688,2.29600185141822,-0.106527002958469,1.98541414658454,2.26810924421433,-0.626151427792146,1.47065307799774,2.94894037073867,1.64312769749172,1.97399381401141,2.10254478079538
2.58697453093385,0.838202661949509,2.81176676915883,1.8195390131881,2.0340630037762,2.55860661484532,1.78706908531766,4.61075766242803,2.32309808045224,1.03709815481552,3.35449789987381,2.08268744884959,2.57193450757673,4.12029325881475
-1.62351041192268,-0.547907850527811,0.403669947501434,-0.997587185052059,-1.84826208011554,-2.04288408693168,-4.93931103998811,-3.27047272307979,-1.58438435951588,-4.96317531562052,-5.05836757699171,-6.86498053085516,-6.78501350886748,-6.56580897433093
-0.490572373883453,1.01580951757137,0.418399792347466,-0.74352519314041,-0.900460097751573,-2.72997413232804,-0.763717849564353,0.752167862856138,-0.438747193659743,0.179171971602371,-0.581641154616002,0.164194444324468,1.28772207820597,1.0239994787059
2.15666130583285,-0.567765420075552,2.55119455339776,0.5982297442561,2.19625100855858,0.779999442675688,-0.224008055345017,-0.830645284228459,-1.34569011264872,-2.15545339226288,-0.740803455060513,-1.94825248031419,-2.78690608122971,-0.423424856826635
0.314287072416305,2.80401354084724,1.27126444795971,3.34514775228206,3.30809653549184,1.77429964087589,1.94679807502488,2.55159602568172,6.43542392167474,5.34290183742093,3.74369817142976,5.17247635184526,5.5693029533322,5.47959337459623
-0.361484585762715,0.0630740372922792,0.00608810609233795,0.924710004116271,1.53345635295728,1.47165520527035,0.18613314150899,-1.30485003589691,0.270740948933369,1.02202516493724,2.30077376613517,-0.618667555016578,-1.20575360086139,1.00108095679995
2.50444194257749,3.50001940980549,2.45143770708553,3.6486216231858,1.70600822831754,5.27665856362533,6.21019891457121,4.64813815182653,5.86827515743554,7.04877420173678,5.71607045194174,7.23208131240525,7.53976042545582,5.42864241830833
1.14279535573401,-0.12268789562528,2.0837069908303,1.99818121113516,0.976270406035147,1.18321750294048,3.40245083040842,3.25890358715206,3.73144361059793,2.75379989469718,3.43727057031021,3.52821195308832,2.95755674276151,3.30451265539004
-1.70298749374337,-1.13831660197596,-2.85142337651015,-2.53439646264327,-3.46310783786392,-1.86672131616785,-3.81432862035031,-3.8990440437195,-4.02922749039105,-6.7874637032884,-5.80192113180489,-4.47082203555063,-4.54368070264914,-5.51107195895234
2.2064954607554,-0.022234629628274,1.11619244515694,2.41570263043488,1.43789161870213,2.21628506415191,0.831279924450907,-0.264913385681844,1.61716358464547,-0.232271744233443,0.43486438908182,1.3801554621963,0.838580384675209,1.85175044656128
0.12253445991998,-0.910641602441357,-0.381700509941422,1.26678144242135,1.38341963150935,-0.601211009178678,1.03716971165067,0.616021127212737,0.812287236546293,0.164943056989737,-0.209367577482026,-1.9077658578942,-0.0876721808241727,-1.63644529309759
0.0471791110350116,0.336670721800582,0.598752019491345,0.68003835934311,1.79883345463141,1.96778954145025,0.637886614654407,1.82354283159186,0.0359976446141885,1.19235561948663,1.81300848786695,0.0787128190878248,0.754694428150813,1.04043035870905
0.96954247310421,2.53346127157872,-0.286271310622721,0.655111091965245,-0.656949451545747,0.858798230565771,1.25716161208335,1.78943587255624,0.261956313057708,0.333927519527309,-0.0146059708368302,-0.837065834657656,1.82875035826876,1.11085853246315
-0.486493531895497,0.12274407485807,-1.94467106411825,-5.06375462432384,-0.48176255609178,-3.44874202321509,-2.82091476943159,-2.77489317827845,-2.21269596733455,-6.63593324025099,-4.31713224094287,-5.3892512399645,-6.6710003667244,-5.83914147193752
-1.39607890641696,1.45008469137102,0.690235286785813,0.23325483630502,1.03394936295773,0.664137665150788,3.13384599474862,1.20110421387389,0.835021527691342,2.25559451847916,3.00627767809377,3.2390697688179,1.2435236753488,2.77090120478488
-0.529810862997661,2.2118606859368,1.95107201585726,0.0720051839202411,-0.136392384083528,2.08941128218194,-0.123732796866765,1.0723078211004,0.624535974446841,1.20473918200429,2.37406357800461,0.968256488036006,2.10009644350237,3.4366045152684
-1.30053132170547,0.107557031085038,-1.28643548627612,-2.25867615108323,-3.35838790646834,-2.8866712562048,-3.73631173160778,-2.47923292646252,-5.60606402356032,-6.16280851168116,-3.67236620515018,-6.98584213096731,-8.34534213127365,-9.91189999009726
3.1364386946882,2.44605108598885,0.953532312802271,2.70686079030459,2.20654915353591,2.62718290585482,0.950536297823563,1.87906293321874,1.06172012230594,1.27338120056741,2.34848688239336,1.80330972045218,5.46567836741687,3.98223887184108
1.87727509082425,2.5088269454545,1.26862708711619,1.90115592280782,3.14971279232515,0.727124665361968,3.47568985802611,2.69361503828085,2.99696717156593,3.18513874077014,2.89795604719879,4.04642117302963,3.88398296112597,4.27561224054446
1.65400539860676,1.42120052989026,-0.126264448301961,-0.911533816504498,1.55737052599243,-1.11101170025771,1.37078048168259,-0.484853346507483,-0.87460231882333,0.964365062700067,-0.40711483068017,0.424932913810524,-0.567582022371456,1.31740693724266
-0.503005834949243,0.0571472867072746,-1.79505882256908,0.602689083633188,-0.361143108709747,-0.400157591728358,0.662450193747187,0.941155593008955,-0.668853552517622,-1.59975047272841,1.3616744155034,1.8797464006942,-0.649538306636661,-2.37652392392722
1.21350958059021,-1.68534726888951,2.85150089587307,2.11409814944633,1.55637881386894,0.932055491677504,2.42214979871007,2.39665566870775,3.11659339682118,3.06378838993945,1.26987659941499,3.538061065194,3.25645285177622,2.56390141459175
0.221266819086842,-0.666401528749634,2.66707477970347,-1.55114241472333,1.05528334264319,0.511521707529407,-1.01736102981286,0.0408726813331897,0.587636068251088,-0.80922468683372,-2.50342578231845,1.87295780191066,-0.18538186091239,1.70073979051263
-0.350155544778525,-0.461593572203858,0.740260778376912,-2.86133013345425,-2.09492803532925,-3.4455787526698,-2.81659694079415,-3.36176741464722,-5.86671202074004,-6.04970407673732,-6.24553818995872,-9.02920394775828,-6.68565097337225,-11.8029290179592
2.06164081967797,1.59698557620346,0.551200983505131,1.27424048235701,0.845461202233149,0.7534583384371,2.03982590508657,-0.420481776329893,0.329536668556545,-1.80190213026154,1.10640765220903,1.10142319597618,2.48823393239388,-0.346836889934151
0.0888510751264351,-1.18446772693845,0.123567518569364,0.0763734319837209,-0.425825648762852,-0.979556496345861,-0.589527764413691,-1.45424478430255,-1.90317357202237,-2.93396255163329,-0.993391676853773,-1.77261224769824,-2.6311360546319,-4.05255445766199
2.73342926044901,1.46461733745337,1.96484923308519,4.60858898220273,3.73390723468766,5.17329120884702,4.72944712302894,5.33562525783339,7.69631807345147,6.66287321999385,7.15073684763413,7.24223955980228,7.22489467965992,10.4784618484388
3.14874731950427,2.12844880306714,2.3544869073381,1.95091037951131,0.349915752118426,0.153211363963934,1.23751865414924,4.24153964052776,0.564668741052901,2.08933452625311,0.937239606794956,3.30788141932803,3.23360628241799,3.62526708270049
0.811036399930197,1.11881742630819,-0.744801527518409,-0.852459728558865,0.940191487105154,-0.162980759194862,1.94538645424899,0.406505833862854,0.261442766607689,-0.0917438124115325,0.914596147985534,1.57725198000583,-1.19667659604804,1.78470248228199
0.419057280693613,-1.63087076133044,0.0653169799601726,-0.354100605001963,-1.20721350128532,-2.58256097244271,-0.743054578928025,-3.01969210977386,-4.62032885116557,-2.60345046453153,-5.78540494284793,-2.22258776622506,-4.61141621848336,-6.11161288953871
2.41124161259678,1.29777574971276,1.25047263613011,0.653994326164184,1.28095726884259,3.31591119039069,4.10163579939021,1.36778209348799,3.94802859329093,4.38051532359023,2.43495528570099,5.74631191160169,4.3046266178118,1.73876884752631
0.750906864156637,-0.441611339027647,-2.02842096421437,0.96242011247735,-2.97245698439938,-1.9695888862279,-3.51644869688975,-3.80549169606642,-3.91409686628422,-4.90578979749401,-3.53396546150833,-4.87470930789505,-5.72604700404058,-6.20557890686483
2.46288357145151,1.64236235885488,-0.937980997741064,2.19546919141914,1.70073580333442,1.25397034928516,0.693583055254057,0.987928029766041,1.20902482744963,1.32321377067316,0.191505974247162,3.35792444206227,1.43425714855885,2.33371843198578
1.74219461592404,5.14528233019016,5.50454105928189,6.1228009823652,7.85813700562205,8.49897718665299,7.70467266322196,9.0243766970277,10.0269067486245,11.4181432845074,12.1964489341655,13.2008604375028,14.5274785121962,14.5953206262009
0.450428099385624,-1.06686624025098,3.06972916344671,0.469382857430652,0.259647087244654,1.94263078410577,1.99178252744886,0.405836917057245,2.17931994458934,1.50279169289258,2.76863283254396,2.49200964384417,1.52731891847275,1.9118809305679
1.09311095884651,2.14893840632652,1.42705499319647,1.52434460722406,1.4854881438314,2.31105085625951,1.50504723889177,2.76418136736071,2.26555980266534,1.53434106615246,2.7167328357809,1.15451888835988,1.50036635826491,3.93795823707249
1.13813308898619,-0.335905138532347,-0.276564227273144,-0.212994421880557,-1.56403633521134,-2.3196800479822,-2.62343066590436,-3.00874390099221,-0.975122396036717,-4.14077201201112,-3.76236284914879,-6.58866266922105,-4.41934709946712,-3.9498185895838
3.47055701869524,1.40037947079964,2.39421238313373,1.56965013208162,1.01715172983494,0.996176286085539,2.50756702731248,1.86352807534849,2.88967843954398,2.73852526984851,2.89946026754383,3.49634604296552,2.1612986360282,2.71951352428226
-0.560961647965843,-0.291659564632166,0.906311065489153,-2.4064701252681,-2.57247961429667,-3.2761387589755,-3.81162092464892,-5.41934132617041,-4.55531261275081,-6.73656188077388,-7.99174965267026,-9.11711272883045,-8.12438989835711,-11.16890516718
-0.154083846259291,0.75823184499729,0.879838409651476,-0.286997486171401,2.05433221490101,3.34312484294156,1.00541991062008,1.24090771391001,0.0481808294596207,1.48835547538709,-0.124908188237789,4.14750688028536,2.47208815867872,2.27346422633222
-0.0444538135726226,0.618761931586686,0.215970165770124,-0.19028486090798,-0.73124384454252,1.5599920172744,-0.42146969597069,-0.039665883522184,-1.35919591586971,-0.191091463326336,-1.33806764093168,1.24930201011294,-3.25846211018576,-2.04074242274978
2.66219320968163,1.64519297234327,1.96783705514383,3.68936203036267,2.29910243456018,1.56428866212972,2.04370321577545,3.26146877613658,2.53806909437806,3.75896842288553,1.66450726916278,0.291001685111777,2.92122226990744,1.83546679264048
1.99305120244468,0.0732441551060794,2.39235760727286,4.05062118847049,2.8805565454377,2.98361306261018,3.20472544380017,4.27856295109711,3.00579916077467,1.61717899871313,6.45073460036025,1.43855005380411,4.53031617519878,4.39699039512601
0.910974025252357,1.44827296928445,1.63882595064562,3.50724968043157,2.60350126303704,0.805304070294919,0.914356585521849,2.4875724980806,3.22420856854276,5.61042952104232,2.86468687727968,2.22915335813904,4.49743612794238,3.58130452028659
0.0674600366335593,-0.651101492121517,1.60206049004744,1.50093458807143,0.402906061171302,-0.295775373927241,1.81836813706107,-2.11633902699783,-1.38359027546318,-1.18596151098979,1.06441065378826,-0.292990147169521,-2.55302032807521,-0.584863365190194
1.52224143599567,1.32841860847093,1.26517733394921,1.22416413015558,3.32071175687811,1.98493728579864,2.57023334416393,3.60557938667559,5.27159025302742,4.64119727877505,4.54909874403012,3.771965531465,6.6099041909586,4.5137178356336
0.372987409273349,-2.48226964416022,-0.892551105142592,-2.93703674355842,-3.89559126055219,-6.40288545678898,-3.95391909361933,-5.27491002500718,-5.91128127109089,-7.01857639939745,-8.6682196960028,-6.79227689261372,-7.53011089637178,-10.2701838629279
0.737056871439775,0.982853808244004,-0.411259267498935,0.837670224240891,2.19053905632952,0.148394089519489,2.80723039887716,2.52676001369765,1.98238779995589,2.26820824537339,1.47576268357274,1.55478991874078,4.89714096162366,2.48686594783902
1.88062516794777,3.04834988237521,1.70742736380773,-0.955456052535942,1.50564954382839,1.37864980122684,-0.874534895236472,-0.929522569085341,0.0675482168211703,-1.49898118861271,-1.11207116457593,-1.98619649440203,-1.00185966184397,-0.967212010112439
2.23930306283697,-1.07084754848843,-0.640940364886231,1.31392784353657,-0.588242002425234,1.44892383821334,1.83246733962679,-0.735495380079058,0.381917801051626,0.0485588466388933,-1.73924840214389,-0.362840713964365,-0.23503276060795,-1.97102030257533
2.16253190871363,0.516208687727843,2.67874134921915,1.01570358215794,0.782612639995615,0.766422080652422,2.49366805812022,0.549385260511609,3.65071442506871,2.26748835500425,1.9049217441451,2.11116484689694,3.52356258103635,1.80886754080366
2.14729023660175,0.0317996512787677,1.44384295502029,2.42431642212084,1.96867009705756,3.72832074800959,4.03891963926725,3.52728551848459,5.50077655009206,4.56480564641969,3.12839661473098,7.46830876548267,7.06149077658115,8.38177199005007
2.22000444317108,1.17516019604286,3.13339552395589,4.16118370351168,2.53571730687095,-0.297050529913405,1.36614833566281,3.06384843708079,1.51723115423552,3.33324843114978,5.50032833696184,4.0792463952503,4.77841949646127,4.66814457179758
1.40749890743185,1.61917145429854,-0.554695863860808,3.29355315834207,-1.08159791527851,0.868046438730937,1.18052606439382,-1.05380286368975,-2.2014891770492,-1.82225407459033,-1.7891684793483,-1.42151220655978,-2.12511388119895,-1.8363322551798
-2.95203286034,2.46538400078899,-2.13978133707146,-1.16673248255379,0.275757383764415,-3.61415575520043,-1.38712476484909,-3.32028865582554,-2.75483823567129,-5.33544707820097,-5.14790846735829,-4.09993192141822,-4.98591590968033,-3.53972515178033
0.322976578103165,2.08069243563938,0.962592484695912,0.627320257478967,2.89174368244476,0.284018782772917,0.913105198512417,2.79223540116524,4.15287689681178,1.01001627776971,2.56175174007063,1.77757850355354,3.75891533096131,3.32046838543957
2.85987594609022,3.20877764908408,2.05070465555083,1.79951370956648,3.4566209850963,2.41821413718923,1.61503381232571,2.50448925225994,4.5922465484397,1.5645545025393,3.59079712306061,3.05723148235222,1.56599298912812,5.02221679717826
4.22731502724127,3.064053404762,3.45967556436997,2.16103192514192,2.55564204159871,1.67272907491448,-0.0695992806599783,1.6852877997999,1.47966877011923,1.65307893525672,0.993244121975292,0.526212075348983,1.37398768917977,0.431966037126851
1.91732154092442,2.6178166995257,3.85715849110671,2.57950800626515,2.45259775892937,3.57015358597852,3.32443073723029,4.74256441873721,4.86715156173612,3.73600697315951,5.30479629328853,4.25677978996058,3.50645599859783,6.75732212729777
-1.09033290170062,-1.23330741583271,-0.01715181615271,-0.952982208410049,-3.89151287430046,-1.76625451785259,-3.59636967542304,-5.74837779501839,-3.62353663937572,-4.675415600203,-5.64012539765597,-4.04878437862033,-4.5297709377793,-4.6511003615048
-0.578608844497146,1.3332656431521,-0.528537353617947,0.376794123248698,1.22523942411226,-0.0982554916081959,-0.0491886487635375,0.627272999407507,0.448805446737998,0.138576267489968,-0.261705054734426,-0.811914929724962,0.613014758558463,-2.49435252657362
0.239517310645087,2.69334930928653,-0.438159556534926,0.283882904789137,0.809351770127084,4.72602022158866,1.98326157992963,4.10081683849014,3.72228154128494,6.07420423541933,4.82362972161424,5.23323908513836,4.45911279112251,6.47358116179508
2.43080872414673,1.77157484922932,1.59383419885562,2.80122435587731,-0.61269856716315,-1.45723481489199,-1.05253453748316,-0.699026402588223,-0.627116205946302,-0.920717644888468,-1.63494236128363,0.152497740805647,-3.0235985548178,0.779195721525829
0.457645575402403,0.444137780565527,1.51685178369432,2.10724735084887,0.108313566563146,-0.462752477490971,-3.55741764836609,0.984702059054524,-0.846095083016987,-1.26339736547313,-2.5189479091132,-0.542520767968212,-0.182025149455374,-3.76091729073452
0.661987578744568,0.585651980791049,1.11873223476021,-0.649604064015567,-1.27859440921872,-1.06436855451195,-0.0247312140398583,-1.60179503859248,-5.0576413081078,-4.29144033659399,-2.73938990094716,-5.55867789888649,-4.86982397291153,-4.73708402253214
-0.269320341338979,0.785625187105284,0.605476016906241,0.873563854886331,1.3602550484079,0.183338142745836,0.556489212413972,4.09419483059721,1.46285746567179,3.27692695700174,2.68497018657093,3.29491736708362,2.20946119091086,2.71122716691953
2.26607512080623,2.88777516484335,2.07483570487973,0.101603318555124,3.04830157979917,2.78788802386003,4.03389585512119,6.60765765256693,3.42059053846861,4.72446291941285,7.2342460537861,4.65374239143581,6.09604192243524,8.69445915210945
-0.69861713974846,-0.741039961082001,0.366870678840598,-2.01708876615534,-0.694184960429584,-3.97912725380937,-3.09418784483492,-1.66867092751781,-4.65902847099011,-4.77598149355097,-6.35230200133716,-4.63466140236432,-6.13429366798413,-6.23788819209051
1.53519598829525,3.06185349974218,2.2194152076933,2.57679863347775,3.93461038931215,4.52448957932369,4.58080320476867,5.14827960063934,4.25947265710876,4.64070621166878,4.77637431410151,6.13293138206169,6.37480338976783,5.25566101952683
2.24131435331066,3.50842662400167,4.95129335249869,3.26199018072992,2.73617821346946,2.47720229426629,3.10090625527439,3.35659225432913,7.03873643246481,1.86716126014835,4.80032466935291,4.36326108826986,5.51116129365777,4.94183581296526
0.494374736486301,1.87858213859904,0.812455642956013,-0.196157531840357,0.199963944524749,0.329694845345003,1.75470511803485,-0.188415819573777,0.666682884581391,0.32146449336455,1.38286614019548,-0.223774778464295,-0.139011076069807,0.480160694100022
-0.426856881504002,1.90834063888603,-0.700171221114059,-0.07653615591408,-0.381632873585954,0.122999919307859,1.8364847246069,-2.54558396705239,-0.0717998327470324,0.328289419261564,-1.55384474030961,-2.45461305873187,-1.12340421537326,-1.21252593668658
-0.33512480193476,0.00763095597762059,1.54551192874582,0.756091115318743,-1.62137543685367,-0.494411966518328,1.10283942802966,-1.27629798813799,0.0653422867553373,2.26929957157769,2.73376542834766,1.3386176983664,1.30929682689043,1.09500016871998
-0.512283769622809,-0.390780560067818,0.11333218996378,0.207488685588633,-0.3685493018896,0.4831494241058,-4.03027557335756,-2.26519311641118,0.17287600904765,-1.80645881471211,-3.25227228832349,-3.36037330931221,-1.76981861741586,-2.43714062174477
1.90056768242988,-0.19410378143912,2.17545505831423,0.189651809433475,0.976740766687955,3.15287518675115,3.15814064152844,1.73898389603019,2.46905287053573,2.24272791961821,2.96467871970357,2.29793321079673,3.3831907506102,2.86875683655125
0.499822018728386,0.899274207154709,2.94821945321664,3.38630335275686,2.6521062823972,1.89661530461849,4.13555816104505,4.06944889498609,3.91943964444346,5.65397969237809,5.00980697238516,3.90539105411057,7.00339995245379,4.93388783723825
2.24139781918593,0.204958919663268,-0.0630145877948922,-0.0763760677889209,0.177163701267973,-0.144982037650813,-0.364232504124967,-0.0485241038775369,-1.86883277508466,-1.58845758437289,-2.30031487491352,-2.16306530073376,-2.03282694679742,-1.75378232687927
0.968281938449738,2.00703506958469,0.127935984990643,1.0535874399852,0.814498537879352,-0.479800377086884,-1.58331102814889,-1.71542519249159,-0.283256199177392,0.327318772052944,0.200581859482346,-1.02048822118784,-1.89143694351701,-0.649342925398384
0.798952469537561,-0.100619712393973,1.41503905507626,0.939267456118992,-0.352485675389436,0.859908698369895,-0.57329069685669,0.990421345735952,0.0599124445807105,0.982498261862965,-0.477410323209799,-1.2899865484838,0.31701380959726,0.773487854485544
1.91185282860758,4.51297695962942,1.48902475960664,2.76683846553369,3.46767765475061,2.18514380951977,5.16086008171106,4.67518317596425,3.69557270868547,5.72276720603591,7.40694726529989,6.15852596959906,5.48767194437227,6.11324938088217
-0.6816021072571,0.961895171059418,-0.77675274280282,0.411058986031709,0.659232593241111,0.43263057611632,1.42566158145677,0.975922054960455,0.22732753493897,0.63166890711038,0.354065906232079,0.632496599826778,0.0127615739614686,0.36229289226459
-0.624760247778763,0.821142844640788,1.15356514919115,0.269194616338959,-1.56210069800708,-0.692608205814285,-2.70651514276961,-1.29317559782481,-2.2566522143274,-2.77231006631298,-2.91221198002011,-4.23933986084204,-3.20944821433982,-1.18265241455956
1.43517401501395,0.516777390163276,0.493414602146092,-0.233219263460508,1.06459282755587,0.0610907910109814,1.34028942818943,0.390539639300627,0.834732595370125,0.117821722459097,-0.531722441063784,0.272054302606083,-0.200842388935345,-0.89301811820705
-0.771180741142373,0.593556613753563,-0.470640157226848,1.92065927728528,0.634015069669547,0.711845321689058,1.34971289628739,-0.465957392417328,-0.786947606120803,-0.317929399049388,-0.826427452122643,0.687284324839062,0.124003055882463,0.084197655991198
2.79679383384591,0.335158609015,-1.0392348410746,0.432222250050232,2.04407655686028,2.04180889821822,1.20120818419733,-0.761496304369186,-1.36965225744492,-2.25400953008938,1.59204353604385,0.224168700397982,-0.258465171658615,-1.24981480022054
0.132023346254704,1.27247849931587,-0.494215049827927,0.862664274356132,-0.601802793462409,-1.61354366852275,-0.00297859475331649,-1.70805417203552,0.590131569920416,-0.913506240635841,-0.378593027095871,-3.53549636475995,-2.35739250614789,-2.19569889293507
-2.65329607920889,-0.182142647523019,1.13636847079507,3.14039401871724,0.955777355730243,3.08873310020138,3.59276447484176,4.02546463196024,5.34990743098547,4.93606254955736,5.4759388542198,5.54263545556552,7.02828143887692,4.25461956409
0.726108244192838,1.32990276875247,0.440703513261333,-0.17984064984383,1.81429638261861,1.24702790144243,0.943698822653524,1.37583123848531,-0.293200951551888,1.13812619951383,3.74691995774782,1.78267293530946,0.31374288625798,0.952302289468911
1.99605810996426,2.13285492221092,3.21164779048437,1.30806129955151,-0.813105943914961,0.320287809689587,2.21707273237765,1.49886219874083,3.54232898670583,3.29015959788206,4.11260040976061,1.5202784875039,3.93959389365013,1.53553399594974
-0.160192238939205,2.58241042200963,-1.06604739667525,2.46286585316798,2.23144938244791,0.647013900311019,1.65724386435391,4.34958071994732,2.74225629650102,3.71857282007561,3.57955160474689,3.3441759386867,3.26376875416881,3.0394096369698
-0.332039261129036,1.37665482797764,-0.905149073393663,0.895094928254289,1.06894362682549,-0.498108773370592,0.232794351797722,-0.410186697483452,0.365682978279594,-0.60723979640684,-0.491902621177479,-1.01623793530041,-1.82596451858404,-2.01156585053909
-0.491924268199284,1.84350433777034,0.871405509385835,-0.811487992404841,-0.643788626870816,-0.351708704764903,0.103795403783425,-1.05662630190327,0.0762341318040878,-2.40500339847083,-0.0526024628967388,-0.0205977942731539,-1.58409968430838,-1.41793184293557
1.113991541715,1.69194735729374,4.09211145185381,2.49433843679128,1.17313657314103,0.843486352805432,5.27071294807413,0.965035139634026,4.3662695107024,3.49588350926505,5.28486424898797,2.24051522883336,2.43480795688459,4.60458478166869
1.02955491035762,0.0724225663406939,1.98876086658265,0.120131958290894,0.893282758954693,1.73562467003919,2.35927418895714,1.66350229388611,2.10316517189237,1.3395584767329,2.50067113066697,5.05159070392138,2.25136707290287,3.77357432486018
1.06816946514481,-1.96463001441191,-1.14676158559434,-1.10672205613006,-0.431062907876177,-1.7511318400475,-0.000374672053387926,-1.58975345158108,-0.728997021722052,-1.71657176832542,-1.35051076321678,-0.769393693634125,-3.58993638279479,0.536503638719251
0.284132676130492,0.00302694583161531,-0.537264939942183,-0.0121671144536891,-1.2977004746061,0.791140964372258,-0.138073871862396,-1.31467788828356,-1.89025754951248,-0.502552185527649,-2.52805957318362,-2.19137899851194,-1.4610823478128,-2.35300624428671
2.63045345627702,1.10658972126036,2.53701371175466,3.20589022276971,1.8567138721355,1.42957654633114,1.53210290416251,2.04015919154294,2.52230479514946,-0.199548778711676,2.07656730241965,2.46743275971376,1.50162947816014,3.14640710143208
1.01414322188142,1.76220517157729,2.10140772234824,3.09403521689237,2.3009572840402,3.31582737421557,2.88083090013404,3.83477023759284,4.24708122675242,6.28651967273719,5.89831453062744,6.02014607070479,7.06575330453721,6.82002570562295
1.01074654474939,1.2442362979568,-1.16270421334025,0.792551685989946,-1.49132186897218,-1.35066727128089,-2.76490168235878,-0.925259176318428,-3.45129096606621,-3.69232203564873,-1.48454282857223,-3.98573836578079,-5.78622069633509,-4.19267050926268
1.65442005921748,2.15297991856086,-0.0687393809818871,1.62848832180564,0.331475447190255,0.862002595478679,0.653768787121065,0.573943243364676,-1.9421566562392,0.565846545491537,0.276674003735401,-1.86785876287406,-1.79505099692997,-0.409695072237511
2.10480437541374,0.85860473808247,-0.0345662833980271,0.0805235629924723,0.563314574928726,1.03779934787934,-0.471519350121155,0.412921332388907,-0.0163337709011508,-1.59054822339912,0.0647851563072165,2.0147161323339,0.664652245040351,-2.84398438900702
1.94190742622407,-0.316057747503472,1.57289824370961,0.510815959153778,2.56176714032465,-0.787916835344258,0.0198324368139934,-1.11312533189489,-0.811674844989635,-2.31237519822531,-1.02799936210928,-1.56994591479409,-0.839528484196526,-0.209835088964075
3.29756259613949,0.853739119751824,3.16846222940448,3.39113203201445,2.50535784725522,1.16066143427384,0.666921779867213,3.02390643743535,3.46278108443938,3.29637039814981,4.43755834892775,3.47985996880681,3.51431225098456,4.54337499414641
0.612547018074103,2.73473640792132,1.57830004239918,2.80501670881817,2.476172676036,3.13355551760205,2.0477561815081,0.326363849286506,1.59296968863427,-0.0231870939954948,1.17576091874776,2.65503469043235,2.58825309959535,2.51904139702337
1.97847318131514,-1.67703194732687,-1.17160277032574,-1.02943089741092,-2.15524346509309,-3.06559540183321,-2.17400076858652,-5.51554154730622,-3.62114631674413,-5.78264690032899,-4.74715546590746,-5.34486651490914,-6.56490037633889,-8.4235942141128
-0.144491001540205,-0.0341407383534092,0.364061926807794,-0.191590314573357,1.63515433776662,-1.07937528663845,-2.24284105101157,-2.45317468874238,-0.283462133377835,-0.136102532772459,-1.30091928264762,-1.61322020982184,-4.11321474637269,-2.55415095218189
0.884835701510426,0.246998486028274,1.73381588792066,3.30626599046015,0.840786616387428,1.72025759554116,2.06044122955873,1.34731779998154,2.43760271186484,1.66843242290105,4.90137668751629,4.44099664128857,3.47216227597069,4.40507217201871
1.11181525216353,0.796516228517988,0.0490519748588664,-1.23990966460331,-1.34655814542032,-0.354588087561278,-2.8433644855661,-2.22860706658353,-3.71962645652962,-0.76261768187741,-2.83575993145357,-4.98200946157375,-4.11559477522866,-6.01244677826968
0.562823658542955,1.00987801068787,0.964126427478352,-0.681516383479875,2.71328898898008,-3.51099815248432,0.191016854539612,-1.04757687732423,-0.66762622756366,-4.34731979999325,-0.163802060788398,-2.35987037518114,-2.39749450251428,-2.07876589263623
0.329520032420175,0.648140798674455,2.20786566716731,1.47752758556228,2.2388652820354,1.08093244708304,0.303826666866224,1.30585319333414,1.43902843871035,3.32117753046472,1.86824258965215,1.58725296174693,2.30683140686758,2.12818735158673
0.104686513029991,1.31496242644353,1.47389247702606,2.25451920275436,0.379718516836472,1.37277286427339,1.35808916099949,1.50469400646547,1.16567142434303,0.393540954671602,1.67731055177034,3.68818751290148,1.35333543105439,0.376770861302057
0.571257758822092,2.53471277487365,1.63687116438502,5.34318320066403,4.86652897476442,5.73754256568709,7.02417597852935,4.97513711075677,5.10520384695995,7.58189619898443,9.12262657428778,7.63148496429945,10.6718838502404,11.3061207043167
0.936301305313795,0.532968785953031,-0.602833701786518,-1.29137982019508,-0.331757001489054,-2.81280226924259,-1.26493909924382,-1.26615014971738,-4.01991129633353,-4.24775797322737,-5.41584631400303,-5.6606482306865,-6.71605907060954,-7.58935424686563
0.386955075625325,1.48089977268007,0.455912119173394,-0.639049333379957,0.437063336047689,1.43923122832094,3.10064548508717,2.32662627431504,1.60762364699582,3.52274032709629,1.18871560086629,2.82916372107759,3.88865746612456,3.82825248712293
1.64554407312578,1.15596289388952,1.41345182334638,2.24089897645719,1.04340478801957,0.929241702750806,2.32018583390643,1.75215179657118,1.09771750522986,2.45081931295262,3.66499073276799,2.54483080567104,0.370605208327246,1.77481167775835
-0.766326519290616,-1.49466546128048,1.12328788902981,-3.43883473162885,-1.45031408887195,-3.08085890609557,-3.39277530048228,-3.12822075605416,-4.94320375846968,-4.39366654718076,-6.37119288837344,-7.5959952229514,-5.43354356256907,-5.26794721637932
3.25458282708296,2.96102919080361,5.81545161224147,6.17595502919627,7.32397396301837,8.26739236592857,8.94329550625298,9.21429841856174,9.41794648075249,11.6131487311685,11.689138731746,11.1233156567254,14.0080360657153,12.215592379188
0.530716943014838,-2.26890053000823,0.276366819110966,0.918897509403542,1.08767850194475,0.275646182383916,0.961970193485735,-0.185643914668952,0.654582835369987,-1.49637140240659,1.70167529648261,0.395178570362846,-1.39362819797202,0.46431458820774
1.1755503914245,1.43729907529197,1.36538710627992,0.716799003820526,1.4080885841139,-0.0911570028087765,0.246342744947502,0.399213633554869,2.86414279225855,0.995272209209831,2.29862297743649,-0.406841363745537,1.06715950857891,-1.63857623527026
0.525138562083713,0.698978816421054,-0.712232772650492,0.504921381136662,2.59972205272327,-0.165052305493509,-1.08015123547282,0.0231211904246913,0.649456120781337,-0.884127684411932,0.457453386841136,1.21623265235108,1.11375249828568,2.30413618980359
0.14908204165501,2.38895532491081,0.774725973801011,2.17382802146982,3.28094894199206,3.10136462993161,1.7971810434653,3.34330060004207,1.69952285330617,2.78075276863335,3.06251140129658,3.60826270490021,2.24492274907575,1.95798856650633
-1.17625876095309,-0.361963399518119,-0.638006333314262,-2.49834152453096,-3.97143417640278,-4.49572215027878,-3.74266429415963,-3.99372764478478,-4.87049518828499,-5.28165044692506,-5.33534042890648,-5.77235915797333,-6.91736043012709,-5.46059888133503
-0.421693063271969,-0.121301801041333,1.06404070907783,1.49162687725753,1.67033700609894,0.23711404432146,0.806148539495192,3.23166508961963,1.35109346952123,1.01566532217326,1.13716248777179,3.35347421186528,2.33984892574531,3.28750196463824
1.72493111074702,5.04875278185934,0.89195865693474,2.31182523164192,4.03603855882807,3.48574140716237,4.19914238053913,4.89690975492443,5.02987498065921,6.94941510883971,3.70464091942969,5.78732126926321,9.20321873315448,9.01991914096808
0.83107847354693,0.232212317605425,-0.0029873084088673,0.856140086728773,6.94176834386689e-05,-0.232193866861278,0.0304275445411916,0.0477797526439591,0.884996196050427,0.839990422302248,-2.14703482022501,-0.300542937156738,-0.275476250755221,-2.66972527649996
-1.00373179638131,-0.172091348418413,0.963003864305869,-1.14730195448624,1.02745629761518,-0.458792571878599,-1.10102551625495,-1.3675267915485,0.0446263095662533,0.534687721755962,0.384777052178948,0.095975528365301,-0.720230780232874,0.0187095037299643
-0.346053104865233,0.0693752947259607,1.07267809428992,0.893787038711144,0.534633876304647,-1.12530538714693,0.703393356576354,-0.63766724669943,-0.609171734638434,-3.46815548740036,0.367475194974936,-3.44467044517676,-1.70542771743595,-2.76216228028194
-0.260471013381094,-0.378980398830331,-2.80513720135296,-1.14593332428659,-0.400675403334798,-3.32486100603207,-4.0255905321312,-4.34244876530381,-3.26616421945134,-3.8993782472245,-4.14550177351496,-5.40853598440399,-6.53843174930545,-7.18195659530237
0.53816345703374,-0.386948199443708,1.36293599383335,-0.499949695978418,-0.0649704889754433,-2.20011974200849,-0.909566585099286,0.783550122300834,0.843603839256939,-0.619866379793794,-0.637315165844781,0.76463907687066,-2.72269484586481,-0.0383929256395357
0.702961519864077,1.48468004841581,2.06571188125792,0.47300724541777,0.29492116308764,0.0515834427257349,-1.34750626274932,0.392092378085249,-2.17567933319806,-0.894565825319881,-1.01842222430688,-2.00166773868273,-2.11479617517595,-1.65394981707262
1.51534678570766,1.47041348196569,0.532810026652633,-2.40855849862793,-2.93046520467133,-2.54830916270079,-3.60992747403168,-3.41397743669316,-3.27358913316505,-4.45165405204376,-4.87679538155307,-5.8558517925703,-5.56887074037134,-5.69956486055776
1.67619474874778,1.74009634854037,2.57727153588379,2.70669005997493,2.81804867322013,3.03579356415451,1.33291931009685,1.44596652620308,4.99886180268229,3.61183853006167,5.22240331431943,3.18591344202403,5.04365167612104,4.00995319227376
0.836254542407948,0.769279033192068,3.42060352746867,-1.13338895304092,-0.286961716537209,0.490545480272209,-0.891046355539095,0.0413219118379096,0.425022475253861,0.818880992292659,0.89777000158976,-0.598878548119435,-0.273191917151945,0.00219311417806374
0.724405787095687,1.10808645647056,0.507395045892236,2.6324001050233,0.520368090219112,1.77115679259638,-1.17642023079555,0.236316953907237,1.13546511716485,1.21994478027305,-0.293693042741447,1.15102684812015,1.81972953316109,-0.552993221662503
0.0664992868493725,-2.24623792537978,-1.44226221034239,0.252827098860602,-0.588793714991495,-1.27770401435235,-1.70796574461986,-0.618102834976405,-0.385729149261002,-1.12259399827683,-2.36862779441337,-2.13833792892181,-0.112321483035988,-2.20979887758496
0.347582450985723,-0.00636656515169998,0.546777968598665,2.97044423736617,-0.322903682915482,2.22249303552483,0.465631682126524,0.257202880525175,-0.0739498757617771,-1.4369339742268,-0.170513239364345,-1.29165593848011,-1.1152451529241,-1.85299681321625
3.05302676304327,1.39235218436591,3.14360748963021,4.55292709778124,6.30764602816983,6.53906400150772,7.35301159895488,7.78855360654648,8.44584335567066,8.6683118457033,9.36168623324944,10.9270862847847,12.073724871142,13.273984952958
0.415177721815814,-1.24173559497798,-0.599993412426126,-3.18873421374761,-0.796123065721909,-1.36535304361076,-0.80361554813407,-1.19650635705359,-2.5779331915674,-0.160996200541403,-1.93240533706608,-3.58040273313348,-1.32762765401874,-3.21232010269152
-0.299655808624454,-0.781299611530144,-0.163406886551879,-0.834943530139643,-0.304757709439238,-1.50423970554308,-0.0883386001613733,-2.49785044469336,-2.17972332649474,-2.02964937689763,-3.92638074070829,-2.91201406523957,-2.11135474871087,-2.24055826427937
0.528643347823903,-0.462784022669758,-1.09305886755285,0.0243677267097843,-1.62843547987334,-2.63700243051574,-1.4424771867505,-1.21796228940106,-0.707766445784933,-1.90519530999424,-3.86892661467652,-2.7477077410942,-4.84889185759445,-3.47153311853175
1.14274550905595,0.388441880575664,1.00725758165531,1.65758401266351,0.687334839214019,5.17630615890519,4.04578310864269,3.95039107208389,4.89820237922838,3.26095463163509,3.56581377487174,6.72892210905672,8.4479116119491,7.83885754194597
1.29449848466037,2.70605291179132,1.05564103015862,1.16578619027137,-0.0377001908188982,1.56986863967024,0.720835187928016,0.811631738530796,0.389463178366004,0.67775886718662,1.80701034959454,-0.824372503011635,-0.210453269073447,0.663285384918356
2.66636280072356,0.970446716185771,2.30276929300447,3.11328964988465,3.35062818552037,5.03531342000439,6.20149168251119,6.06472534139054,7.16501663219263,10.7514273150253,7.14523115588726,11.1144485533887,10.5338885975016,9.60644952197971
1.74607574566894,0.899400171953093,2.7829774475676,1.29026894108626,3.29821192862644,2.7864542520343,4.7460012314277,4.42466840887828,3.12685590886256,2.90355427001925,3.55325677260169,3.44585623442586,4.152813327289,5.14025386440838
1.75596045879945,2.40359834170808,2.77390569798587,2.05500489337433,2.14193402180373,0.933454655257377,2.91239082162078,3.33832547105983,2.20346358130622,3.63328873699915,2.58928204084681,4.06835102439145,3.32229575999984,2.05122032777706
0.11362010888445,1.23443772493312,2.47438980909309,1.39542413652053,3.39422916687967,1.89736562687455,1.15440630703391,0.616781038620204,2.24000534974069,2.89251590629419,3.49640464174462,2.13627566692037,3.91140074916495,3.87042779856934
1.94785761780617,3.51064772056914,5.24233043833787,4.00952092469452,6.87315968925961,4.47524648576188,6.88059379271523,7.17856138551758,6.21503928422066,9.03558009275798,8.48949490055263,9.65653154769294,10.4026386180237,10.6653060664999
0.683144983424651,-2.06993983021942,-0.234759918029319,-1.15946680848206,1.29476187532426,0.347673668446313,-0.161680971756045,-0.835806566367977,-1.88511295027146,-0.129328758080452,0.427583108612014,-1.87463109855383,0.138709570485108,0.141738673706188
-1.37799238331131,2.14866886556249,-1.02993663761675,0.665926184851563,-0.502792209684609,-2.29281850705693,-0.194796141524107,0.14691198768107,0.433629136039769,-0.750324869222442,-0.264257462209447,-0.77152769855418,0.0836970644433179,-1.18814562738655
1.19489553477329,3.13328000093563,1.17473427200784,4.6822860310426,2.4555639997821,4.79067543208581,3.72120058380503,3.28175265712768,3.04797267682329,5.01800926616596,5.11761511845229,7.01860810707822,4.82425528278824,7.37027746380398
3.17814872751139,2.04590248095965,1.58379306945522,3.92341485776126,2.2683764520583,1.8594808276312,4.30737441156291,3.62757673487893,3.38661798204891,1.67709481294281,5.88410934158975,4.04814098939724,4.83017151893658,4.87610315451225
4.10850151367166,2.09964065400769,0.843442167456827,3.26582326883355,2.87159302345959,0.348274391421154,1.24102530163713,1.91069928767723,0.744577281648223,2.58338384266191,1.38567254511852,4.50434084936485,1.81893271053983,2.78522675051495
-0.938828603758232,-1.65391130276768,-1.3148511942913,-1.49754027563517,0.817462327461668,0.115309702301967,-3.23518358974647,-1.79491401929562,-0.277179689745366,0.300427509061694,-3.23689748272624,-2.12791089981201,-4.76460813085216,-1.74755344025914
1.36759754661757,-1.37925907926743,-1.58999098439194,-0.0966183152985302,1.83523687862902,1.47837634449637,-0.247211224116095,-1.30116969100477,-0.47048109384892,-0.381075851915015,0.725775951373176,0.437601089007187,1.35400842256154,-0.798338781403417
-1.32163970815745,1.09549554892357,0.0293801480008773,-1.26334329438403,-0.152498546507695,0.445025674925119,-4.34277212431517,0.131031824872883,-1.16956367529291,-2.61063007598242,-3.69069044601948,-1.53121130631617,-2.9791880686901,-1.58739798213427
-0.682685674580949,1.78830789704228,0.423935628066127,-0.524541825106789,-0.276764763100967,-0.60824291335815,-0.690516758706842,-0.00439300577083443,-0.885748914749597,0.552599158648432,-0.056678081738688,-1.92610135953746,-1.15194023791125,-0.388276106055854
1.05439833013617,0.854841858846721,3.14541296213375,4.07263397267521,1.81045750838393,2.51153171160367,2.30541223331884,1.38245396552288,4.82637688923828,5.24917088974739,4.54837044365363,5.97061910982577,4.6042725663365,5.12385469086223
0.0280155512287243,1.23647872256768,3.74967485829491,4.58312197214608,4.40209221349282,4.6800047351819,6.08878193245024,5.79901798718029,7.18732524734266,7.39637351981102,7.41967270386983,7.01731295794865,9.410037043634,10.3234590000071
2.3488169118324,3.43685758464934,0.576797064483847,1.69799362121767,3.65740967236153,4.68692455726089,4.22164321366949,5.55392641103784,5.20739823487759,5.37932474288536,5.11640608577443,7.5065921396296,6.45143819910557,6.73808828468742
1.1436087429604,-1.23588037524616,2.30312365098657,1.7749807619476,4.44817656407068,1.48746530119115,1.783554709681,2.52051684889824,2.66981342026111,4.62924647577813,1.73390541955132,3.44548597084292,5.14760712755903,3.08063620680917
0.259204096654263,-1.03270120852356,1.45853314797996,0.888427404723509,-0.18452433439019,-0.0811346030969364,0.660764958750531,-0.731778828663738,0.260763054796083,1.23854199539197,-1.07340090621135,2.6968478375955,0.788200797502347,1.98481991583047
2.9575286289297,3.19849967394458,0.87442940261965,4.69399585758447,4.67836305375902,3.59993118582085,4.56005848144256,5.17353476315904,4.79213846336182,5.93057576225739,8.24556158108429,7.04194634095477,7.03117697826229,7.86161226560826
1.10097790354671,1.73658312944457,1.26168733276734,0.880744349692997,-0.0493059501221884,2.21895871440287,1.68729784367993,0.818983114523973,0.417704660517731,1.88892604193108,2.04308749135246,3.66380913288768,1.91194246168006,2.60859736251409
0.428733504475651,3.26325555392676,0.366552864800368,0.966863032785282,2.15333736924799,3.7558421012602,8.45138439233727,6.95222519166108,6.10849559692884,9.44648432457783,7.9582205830023,8.16648731355308,8.83973811793592,5.95640152802971
-1.40424634398553,-0.366098106465677,-1.80136859833657,-1.29990275188018,-1.52166237187403,-0.959200625802609,-3.98231432192245,-2.46830273310914,-2.83632863272103,-3.79339965866416,-3.63238264697244,-4.41613696570798,-4.50068908099797,-5.25430561381975
0.925892640237264,2.19018034871111,0.0931795530802481,0.503056625912571,-0.140208709050626,1.37553311716506,0.279496792464065,0.33492252248588,2.51020908944328,-1.18390646153865,-3.04581054913591,-0.499990869713895,-0.809191960130663,-1.55408993416079
-1.47260499244964,-0.238925997000701,0.611995830180973,0.217040202771203,-0.162799987652293,-0.212980928368115,-0.914528059919602,-0.548340040476698,-2.77669860553961,-0.792613864265417,-2.1904523469098,-0.0811188600828725,-0.827957245796231,-1.50225661742968
1.83845948798381,1.65397844186669,2.93320780348821,0.939342731772832,2.61744842731078,3.44313887816142,2.04962305595736,3.46165019418894,4.25686001533645,2.51066167232979,4.39323354742557,4.52642970121371,5.37944931944615,5.57006790898976
1.14831784849082,0.606282212732208,2.23578673780634,0.418119649027806,2.06834291494983,1.97292863937989,1.62863564351833,2.5683717901446,2.47535250210896,1.56570251563565,3.01759648332344,1.17483544475867,1.02973785554111,2.90202307085249
1.32493007675687,2.76063639368082,1.47953346147344,0.812516462505848,-0.158333711004446,2.64792808760642,0.903147348051518,2.86379499448419,1.344400830192,0.819079987221789,1.68677159505686,2.80096338352649,1.84999849799113,3.18736425192752
2.94710471171572,0.153678018907922,1.65934019606076,1.51800248724281,0.84774132124952,1.39219439588467,-1.70464365422666,0.886524479442274,-0.484866641922499,-1.63896631327735,-1.33759472285377,-0.594853431945841,-2.99744442053394,-3.76124103512403
-1.42414426063032,2.31933915446775,1.27516531864842,3.11517780879772,2.07933842775695,2.62079561120032,2.17036010625706,3.48808652476921,6.50748366233864,2.64114387340199,5.10667796054195,2.66934675849137,3.48305430103069,4.12893847933505
3.12400715435515,3.71883934271818,0.587717863903645,-1.81973947384592,0.142113585418008,-0.725664924253262,0.355366055131175,-0.514295797045836,-0.00864868135660646,-1.37616604883879,-2.36644819323772,0.00567859491877809,-2.56815329997622,0.0874008241802651
0.925916633973693,0.438319980801296,2.13877451011251,0.419596726630303,0.184379381397491,0.252871887836614,0.794374594571303,0.271687928528057,-0.116787619926993,0.190738295486549,-0.926441728275198,1.38470492927585,-0.828987774640982,1.10342202678865
1.75709247048365,3.54014282799826,0.0308222653908381,1.66862662228955,2.89287443640862,3.80877907679787,2.6533760541077,3.9512384772306,1.93058361645144,5.25988617962837,4.64693598018115,4.06442199831821,4.47083119866282,6.89105811845377
0.743501101755769,1.2868410008358,-0.694183413160757,1.44504453971252,1.40918353193617,1.03469820710725,1.73671076141637,-1.0297070245531,-1.67534631841213,-1.0447169690226,-0.369925386716127,-0.821292976720023,0.412263275005539,0.257079110217284
1.11718559795716,0.591588141249074,0.650324691407965,2.85523008220095,1.01026556051656,3.5773083395708,0.435623209433514,2.69752454702507,2.21772410458964,2.04447151097816,3.1721539446092,1.04562238246956,0.522150072428022,1.26441559055614
1.96663740761954,2.3369827003991,2.40392150417609,2.51927204748974,1.87390971328594,3.65136615748332,2.01857749662769,4.05285005548247,3.40399308138483,3.73349821844134,5.81159796453628,4.17964532161227,3.22000405927026,4.52487051182294
0.082449481665622,1.18695599633468,0.0521992263483311,-0.568542044952809,-0.838237909230255,-1.53647839818192,-2.62561194600652,-1.73499788561789,-4.41854454394139,-5.17221340681252,-6.62588723811023,-3.52398000269166,-5.5043119367697,-4.46617785325902
1.4973421166976,0.123269984663661,1.97894740389823,-0.922136707925803,0.906365698122856,-0.00805206462219842,-0.302406432291386,2.9632826611059e-05,-0.595863309530956,0.132299946642137,-1.03702927539625,-1.810723742751,-0.108919018341211,-1.37625522167319
4.06613328946393,0.346320706654289,0.243664227658359,2.05277442286281,1.7021899389238,4.56458450845808,3.59211700577893,3.13514180374572,2.9869553115309,4.56812418118311,4.15412834671564,2.79216107882771,6.28868224488163,4.62988028978709
2.09798642771373,0.138534242948806,-1.8580971287466,-0.958424768233932,0.608764268921834,1.05836480864835,1.62171664111471,1.58289260975519,2.90213680501042,2.11736781605543,2.755197816191,2.9635233521448,1.42199728803689,3.21077722678911
-0.171325844040701,0.146033144999863,-1.01970898628367,2.15130840423069,0.528379133262483,1.69324226174403,0.377652045494251,0.566277595380196,0.134099276054542,0.00190420512287609,0.375299076798312,-0.344426291634771,0.235244043045628,0.498413196567924
1.17976903326341,1.57953675338233,-0.790816863116591,0.184259110416199,-0.928943315877843,-1.46992316541316,-0.770759800039425,-2.20300023863251,-0.895941731575542,-4.8560621512959,-2.01234414108014,-3.39303929412458,-2.04464360728753,-4.37569203087912
1.05410681469286,-0.150435503981894,-1.53260280640645,-0.140943882069741,1.61497204489745,-1.15770190373664,-0.432730541750348,-1.67009256570124,0.504981321640962,-2.91788538214015,-1.27245141658235,-4.11536338481066,-0.88063685046,-3.35611318517951
1.6259212990005,3.2253364317155,1.88331889845768,1.44307827870674,-1.05342332081374,-0.661465326782422,1.97297224756647,1.74435477003662,1.44448682199976,-0.429185865618371,0.54037069860527,-0.262039006257694,0.182474994238683,-0.661854834549734
1.13654366642311,1.51622732834432,2.84228699533409,3.43503106047429,2.77589830746387,4.39536854409986,3.36693436736192,4.68706759626717,3.76979992766201,3.15544684353627,4.09342666035894,4.50661299817564,6.91958366170764,4.70352458824841
1.43380275546093,2.40706951545734,0.770154103642674,2.38883409860102,4.07246174744241,2.50674124659087,0.634478890468063,2.55175777357372,5.1645042749567,3.24368718886223,5.59663633041425,4.1754331210498,2.24091615495885,4.12399975654005
0.345591194294782,0.339877828952478,-1.3697079041809,-1.9747472707847,-0.902981028172087,-4.72589299449324,-4.05974094680943,-3.20090551982425,-3.98927722339156,-5.82993960078605,-5.70688414540173,-6.16288826719801,-7.59531817444164,-7.25177054405144
-0.363143784149374,0.730347076800281,-0.313377598568468,0.0108324728901279,1.80255941917186,1.75268380921202,1.09495513027061,2.70720584732512,4.58212979177641,2.61275815257181,4.51111783840538,4.03992769205657,3.14510793038022,4.43641502535805
1.20023309132796,0.32507195617779,1.45891385644553,-0.269711423152764,-0.409708534376885,-2.6087969685362,-2.46726897907978,-1.646919567448,-0.96901487100681,-0.957849676509916,-3.12738746197614,0.0533603807348091,-2.24691286760311,-3.12229944865932
-0.484988823275861,0.100535775586548,0.0571066309102515,-0.64892468206413,-1.47419992856827,-1.15023793975693,-1.70073534446901,-2.00887248919388,-3.91195383028361,-4.34703773696513,-3.50466154924342,-4.6546890988484,-5.48393331871407,-4.00978777282779
0.456465722055099,3.38127395032805,1.97107675990992,2.80299616604263,3.42991544536612,3.33825230682845,3.56887202340908,3.34110465401399,1.39450873009064,1.81625061065228,1.65914208491778,4.45797326673061,3.46901811102869,4.01548905461094
0.718906192960903,1.31731334667893,3.21868758640157,1.06077992301427,2.34071160158036,1.2864260140372,4.49518792059045,4.35852646828796,3.4659879321269,2.91897151176715,4.51445676674857,3.80653018842322,6.28188786331387,3.42132250526178
0.139021641455923,-1.54305283082085,-1.47149684302585,-0.924250136244974,-0.469446238474284,-1.22072456686794,-1.99572923322498,0.0365852023152857,-1.36718372116388,-1.3376792180093,0.387197964037518,-1.42299738986578,-2.14124857701878,-0.546624534158747
0.537701859350594,0.722583866120015,1.57459938079545,1.71901531866685,2.25489203739869,1.31231418079072,0.919489556773311,2.47461790465425,0.780917638791258,1.06084754266964,1.48601798491428,1.96852069065374,0.833997308578321,1.27426306092479
1.67771721762505,2.03112502519855,0.129079851162234,4.33900099733818,0.494145836065263,2.49378610460473,2.56096546312489,2.7367337116875,3.03427288814165,3.30705283921562,4.07572867286541,4.15337207950741,0.681723877162763,0.715252105976344
0.575518391718793,2.09163617530726,1.52142980251921,0.804163256558689,1.40915599405357,2.62265333831839,2.85987663887138,1.17394885876128,3.27339524076023,0.64508274643269,0.502468287122238,1.02924397661312,1.87069791305852,1.61472573183667
1.81676455376001,1.33790935813414,1.89143826485216,1.50947069552184,0.683975014401729,1.76067636775956,1.79924490858721,2.143884399457,1.94167359440764,2.09331183868181,0.36593053514559,2.22968002975753,0.147269333443645,0.179913922893634
-0.793796125684305,0.219512711550346,1.08491736680071,-0.672795785070694,0.744059230396486,-2.88455834103606,-0.723530112740707,-1.56457154961376,-2.92185739109073,-3.03916430376985,-1.75040277318963,-2.96296746338507,-2.59091328230198,-4.39387990498291
-0.0236656236260085,0.208206609704022,0.264136627968425,0.749745910614863,-0.14827475182141,0.93666913357065,0.664617215299131,0.813865495667556,3.68551293567391,-0.91658352966534,0.534740443118521,-0.730713179304525,0.950158312905692,-1.09589030242608
0.416724424971413,0.92559324239641,0.324399195341556,2.78401460313383,2.14488536823483,2.98623867758873,4.15891922767968,3.51492364020868,4.28863834370139,4.62756324437586,4.7967369667136,5.20375609219495,6.30847176204788,5.28008779151392
0.226479896980816,2.21573775681676,1.81388387908729,1.28622188064311,1.70192456132838,1.45057119713522,2.96002832459365,1.25836240911852,1.68071822236221,3.10458541469362,1.6403891915513,1.88582596625835,1.07370913086455,0.253463467556884
3.06503926631285,-1.1800239238291,2.13097138987868,2.12470411983982,0.955220658314999,2.01122675845936,3.59016872555708,4.14031315429048,3.31578569742904,4.65863034194096,2.53005735396725,5.78991455292387,5.60669504547208,4.67359322845343
1.5881634922775,-0.392832490291744,-1.33403693326516,1.34833803149447,-0.863540477074639,-1.98262435266776,-0.40094193802129,-2.09056474754518,-1.8386789610937,-3.0997533537557,-3.38023598694597,-1.63657534744627,-0.856734690706332,-2.83893584481915
2.85911099325787,2.43008408867741,1.78300660351298,1.42193407064209,3.01362488896946,1.95348865816718,1.35490748536903,4.62793463861937,2.67503262310336,4.20924294460458,2.56946449734001,1.68323610628779,5.64481665601182,4.25200820967332
2.46292703051243,1.77186499827292,1.77337151380258,2.78436281861283,3.00869253095686,2.28592397399485,1.68443991668134,2.76105724228198,3.70900616247976,4.11347931507683,1.71564273806609,1.74081171419775,2.3473853132188,1.3594780838811
-0.151499407876577,1.61646586239694,4.06129356085758,3.41028078670793,3.90314602004336,5.50562561860731,5.78192777399012,6.40932027861463,6.47038106087615,5.84393875271684,7.38822480070024,6.60249890857666,10.0911684659558,9.58916841855551
1.54197469027211,2.60435380910067,2.24214369357082,2.23458461336289,3.88070529986108,3.85498594534467,4.17904750366058,4.58197489538923,4.48460459353909,6.80558399693565,5.97406288492906,7.10382686754189,7.33606249119661,9.74877281747691
0.455302309464613,-0.102070076090236,2.54549256872476,2.8736598862148,1.84458546515547,1.9319976353632,1.58570691370237,2.19931288847575,5.031078049227,3.02326212163829,3.93057677663487,3.86621771747704,4.69305096955497,1.96017499113494
1.84988753722555,2.08955342385785,0.746040290790238,2.73436675216657,1.11050124146515,0.678906014168342,1.56796047937499,0.936416927852621,1.79072155460906,3.48237249901927,3.13284887822644,2.58082690421852,4.02571656985208,1.30854475138318
1.5367100071878,2.01586419606002,2.80933127570722,1.54043543486544,2.31303162215928,1.62982877862016,0.396426210777143,0.918721864632414,1.72734277645212,2.24799299438743,4.21747199938814,2.52940871774558,0.882810954346392,1.25935906478653
1.35530810044342,0.44459172286114,0.671386069072368,3.01527955585956,0.280508740580975,0.218912491160622,0.907447719873519,-0.115120041648963,0.356444736341827,-0.646899921271643,-0.690869912874166,-0.411777656726465,-0.615573724020491,-0.413322454151896
2.00700239867535,2.72938181942864,3.14606364058726,1.55991255893288,0.583520969508262,0.958834939650482,3.13044040057619,2.48326064906997,1.68652245152614,0.629776385687283,-1.16930622858132,-1.06066334854075,0.828015937944388,-0.0536442312008235
0.474079803851491,1.30785959700327,0.489060917023362,0.237643090208811,1.04720084027557,1.30772647384046,4.27820089356406,2.44312494286592,0.887830405797341,4.75197229025862,2.88160082608213,2.31879683505174,2.76927574670836,3.37825338230776
1.51670317422097,0.0691357555404086,1.51195970163664,1.6171022681487,3.32929123931446,1.01316436928642,2.0628104671608,2.97103314095331,1.77782433778283,3.40645799286604,1.20502478133371,2.43552620237461,4.7367091992997,4.40595050808478
2.42686093498342,1.36645278835309,-1.88769586145675,0.628784807330921,-1.16174319352669,-3.59661034421625,-2.71589376460306,-2.53920901297236,-4.20427870944692,-4.04876188385604,-6.68972070420746,-5.67663714532627,-6.56130520394917,-4.54192267150413
1.69007277146927,1.10200342639474,1.28191700139431,2.52077919222994,-0.119992104633465,1.9962855319218,0.87560437811528,0.82786248140694,-0.808646077362166,1.30805270277827,0.685465083068838,-1.53902099972624,-1.90272590124609,-0.20312760558555
-0.605013152600754,0.918952508507502,3.56301791366467,1.52960895672208,2.66254646412086,4.94462754312643,2.36802317021105,6.51145139642384,4.61523572865484,5.86791090597447,4.82057723041335,5.56032333076424,6.34926718379226,6.68948610517709
2.07217139263138,1.82931051244323,1.41106900021905,0.925030899052601,4.01957800244256,1.87014452657009,0.510564722020656,1.90940400268888,1.66481798296763,3.17579627605708,2.14181138237538,2.47376580847776,0.654132644353746,3.23569419002305
0.505290609449328,0.293134216885194,3.8338143472125,2.60593147442019,-1.18777536992329,1.58783803920624,-0.180908250631785,1.47277727278237,2.42512770725278,0.195679300508004,4.20834831153441,4.11159775134759,1.41920262039239,4.26452734570888
-2.38959306362257,1.42417881498451,1.02156638040168,1.38279483291905,1.20385673051431,-0.555458713568893,0.672874468052017,1.09768898932867,-0.488540917215931,-1.40906029279689,-1.94685684932986,-3.41963514161303,-0.744695973168686,-3.12092631611588
1.34246098162374,1.21400995716451,0.454162065015649,-1.58499152249433,1.951472784354,0.0571743272966307,3.33051439065467,1.79192848248905,0.879876339850826,2.13957976179746,0.373151641458732,0.723270571880072,-0.112822870946338,0.381854542435546
0.422141709621246,3.50175628955568,2.36353800079043,4.80097456660682,4.96894974288071,2.76145398371726,4.60845486067487,7.14551833716196,3.95898617684502,5.69786031651331,6.54217712630347,7.85294123549551,10.3099895839428,7.31464671927596
2.01146124329863,-0.394868918818145,1.93470518880359,1.9631434064807,0.280083190980447,0.978005298210482,0.923279546842191,0.177679072982251,1.98832562285313,0.876984410181374,2.57016444890862,-0.638778898963735,-1.06315348195315,1.73504217081495
-1.59228612588918,1.03418403385113,1.12048221001053,-0.0613374391826419,-2.23179373997883,1.50539968956411,-0.300497521499387,-0.0602869005751269,-0.627127144204072,-0.665329949076139,0.434480104082247,-0.847746240149888,-1.71106907152307,-1.98149135607006
1.29392682367726,0.793949521422506,1.28703959134306,2.8631526616716,4.47921580591566,4.55461844026896,3.42812844109727,6.0378586669917,4.52382743057533,6.66217615837437,5.98523764137119,8.24788782751626,8.00170966464485,8.02938282831678
0.058741439588023,0.316207470274065,3.04369599528455,1.27711006425433,2.1416697377962,1.57369168535395,1.68622380650998,2.49627880733837,3.81334921222054,2.7269705986381,-0.1004696803117,3.51335904794136,1.38351423296971,3.60882639681952
1.61644924871363,0.26398435525665,2.3029498490656,0.787834843264102,1.42005463078898,2.09944032667074,4.90737974694192,3.34795441306503,3.28202870592731,5.43448436303084,4.28092908116223,5.62942549501631,3.68040839582272,4.83126412979334
0.554470101534495,-0.0496341298322521,-1.07615057837422,-3.16480717077783,-1.44039150844796,1.88804309718278,-0.343732944207558,-1.23658883711699,-1.53384782033893,-0.859474227104977,-0.669367366096119,-1.39904520203303,-1.03757691178231,-0.0813199617094618
1.15765722785957,1.35163666683116,1.24952019314765,0.420443919869249,1.40293601205423,2.27190659888309,3.13149330360169,-1.94836787414513,1.85501829121603,0.952444766579506,1.04132094162855,1.39281385949821,0.127613253899311,0.0111356185428914
0.742763769651309,0.492523601140672,-3.61646217919961,-0.687008117090957,-1.54463293116283,0.115134682331104,-0.365581067436416,-3.16917659815297,-1.73927079619763,-1.80408236616047,-0.816735794423471,-0.996952905850041,-0.946258010343978,-2.9380977141241
2.56262523144322,2.18303967425996,1.35250504842013,4.09990529119537,2.70297978595849,4.99656686663176,5.53065931624384,5.24100027677886,4.08240188550025,6.21364509407312,7.35522622739518,5.3716169106052,5.06247501600297,6.21161957025663
2.72371580436841,-3.09531674900082,0.824364178433564,-0.668376080279508,-1.45742848191216,1.60357591473194,0.906614007549864,-0.84782674277712,0.160933346477492,0.992367474221629,1.3300519268907,-0.490214745524456,-0.0318095627475732,0.287221533431445
0.891816206729462,-0.389197180221512,2.81237772622935,0.653524775536277,-0.115785201490852,3.24019017623163,1.32551207588897,4.05062849001034,2.00471433876447,2.71778302917204,2.43434262794788,2.39101418023128,3.06518034339284,3.25316044312373
1.01773206778923,1.92372432819403,2.8412262152601,1.40791994763042,2.66387363872563,1.93281229456583,2.1159677760923,2.35186855641904,3.20444137226013,3.45150387906108,3.67293478808915,4.10963085745963,5.10029518591702,3.46833047692071
1.60637364181222,0.322718076138329,-0.0783078211316819,-0.818230060220282,-4.03869356911356,-2.19607537145916,-1.71278553795211,-3.61075852024129,-3.19066520667636,-4.85308294790414,-2.72188446767201,-5.6221314881134,-3.12464482774334,-4.17064568066213
2.59115981526539,0.656006026619051,1.06268667910108,2.83492270367884,-0.216384488845849,1.84564917897149,-0.244274549161928,0.618425823706719,3.2886065066861,0.127435265897262,3.00688357193357,2.50603688154095,1.52172714349602,1.34122277579183
2.59182848031594,1.51261267206026,2.16483373664264,3.06019578824649,3.18933365457495,2.17305522841108,5.60718369864866,3.96873738537007,5.27064284762688,5.74769173147175,5.90775317222553,7.29535663245788,7.29182552871801,8.24486019686844
1.43364802377491,1.47007518820362,1.31183541656431,0.399570488278634,0.425241783048894,-1.27317001572402,-1.61704664613227,-0.109913746298707,-0.00358166827877859,-1.58115038098503,-0.728901158922203,-1.3963750990346,-2.42777551493515,-2.4505031927967
2.15993176544851,1.86557128178935,1.36469282641861,1.98766502618932,-0.0179448660564683,0.94729330665402,1.07007153163938,0.922853632871509,-0.151797513078598,-1.02259683897841,-0.321092912278646,-0.153535762195632,0.560168123818895,-0.50080713586922
3.02567414719688,-0.71171399757242,1.03466769047323,-0.0742247463247665,-0.83670770569429,1.48436898002356,-2.7524797573134,-2.38467989196798,-3.8387508257861,-2.48802662292424,-4.08992634519762,-1.84998623556703,-4.69708884786396,-0.899523372872201
-0.608014666537626,2.20876984692895,1.25585471765792,3.00650841689048,2.45136785505262,3.87894658152742,3.63573777748303,2.51631185415638,2.55114235863437,2.71374864174406,4.51291280943508,1.82071038611143,4.6614627841168,4.01984153570202
3.34477592747929,2.62395760139031,1.14666990990803,3.43976717837115,2.46053138437906,2.01351802361679,2.77114352026366,4.97223743078296,5.51701129287194,4.94385036945927,4.3819882297325,5.00511094405672,6.45595052704847,6.97904352005459
1.21239010700646,2.6778213334986,0.707234778071007,2.13068689150061,3.72132811724935,1.91999329608534,3.55878713511422,2.02685191024887,3.85026157919311,2.85379244155464,4.13683245411194,3.19104473834451,4.78785083888081,5.54638352492171
4.20986430814324,1.72947101096171,1.6612313122833,1.07659181802181,2.96220279081318,3.06287035726414,2.10670109101169,0.657251214199876,1.65560510810979,3.35818413095728,3.09606021734499,2.82505337282492,3.24015791892007,4.15554381931805
0.183211998949338,1.29960007107873,-0.352936622207823,0.830191289420925,-1.21669203435268,0.233971980632675,-0.952064169848712,-1.55345254514341,-0.892639809012368,-3.01199146386116,-1.08223517262342,-1.90162673531387,-1.91063727728186,-2.59941847264194
3.48848068947704,2.48677267556613,2.58581350574513,2.92939463875384,2.27557204062305,3.41698711075355,4.81452861743224,1.78793844227754,3.55271153743205,5.36708212171026,5.37658057300868,4.61462178479247,6.32648888182095,4.36944160214319
1.05128417718005,2.97626289903941,3.16534093969114,2.02885508773046,4.7313860668184,2.34299759106332,3.33131706281407,2.77414705699319,4.52772016339989,4.89137447632902,4.21095677398836,6.38289272207521,8.07164373836861,7.67275222918984
3.90257156862672,2.08665163176126,1.63573073682073,4.10118228047956,0.657200269575082,1.71696042971976,3.37386071362423,3.4001934746168,4.80990363161738,1.66435770813194,3.50296144979075,4.53267140155778,2.12926553152427,3.13282140698985
0.595455825864942,1.50385057123423,0.753520937367739,0.611857863957306,0.474758507675229,0.85963736626217,0.646669693493534,-1.82602203014517,0.684763380044483,0.713775662564795,-0.467340024613967,-0.346446690481553,-0.730756308351138,0.516530986259777
2.02995454823676,0.948897252376445,1.97766929429494,0.40191044780927,3.38420097095968,0.887303419076556,2.1163204010346,1.58397777672101,2.15976038188771,2.36167158281426,3.59934705378065,3.02659660836694,3.58706483135139,4.17138239423782
3.30708028168237,2.5496488982926,0.186269089927095,2.70422233312699,0.842147728361986,3.1217607946975,2.11648752387014,1.39271987483114,1.15320541144438,3.06939245532966,2.15188767442704,3.83245212370174,1.90440721693206,1.08960265943277
1.23727319383329,0.895614189645981,2.31201464483904,1.73789569331108,2.83686788121931,3.65041271194164,3.54527451640784,5.11053186742908,5.35547637788434,6.87207117829037,7.80162431450888,4.96260838864578,5.95637567590172,7.23120901928986
-0.0258179793231846,1.18239157684866,0.210513929787055,0.460820476916489,1.82636113604611,0.923343353309375,0.102674082474815,3.02991724574074,0.697327206310199,1.90877748892206,2.85556467054649,2.20679915554378,4.59090827310612,3.59365967027171
1.73377083228921,0.949106440939042,0.493182093827442,1.76722818110389,3.11234537573404,1.01167526396721,4.17959666922027,3.66299049796785,2.88875889067406,3.85165275831034,4.26177392508146,3.05164862010079,4.89536956220964,4.89278500202764
1.15500879948155,0.437357842719633,1.3792229006049,3.34166064516197,3.10919981360617,0.811637995539109,2.84397919432546,2.91251768296414,1.84647805655453,5.27670978445557,3.5342988433312,6.07395197654655,5.71446417171894,7.0624614436399
-0.141620466009689,0.769925188358766,2.75154702650902,3.66888111832658,3.04499363105777,5.06989855558485,4.47730769627002,4.45738315213316,5.20165017907943,4.49859028515774,5.14744600829342,4.91746524394887,7.44465331866456,6.2201860888554
-0.334422466569938,-1.10156332996008,-1.99479023353498,-3.47136136564005,-0.903829185794467,-1.1624688009373,-4.67047000917709,-3.64250551030686,-4.85617191390098,-2.65689344218919,-7.02602243773585,-3.70465023176367,-4.40197943037034,-7.29431713949324
0.774599962215297,-1.02121968420948,1.36550461850262,-0.528335117691256,-0.303784086613584,-2.93975606508792,1.10434304324775,-4.06583198197458,-4.26851256278364,-4.53260908306685,-4.19609845400389,-5.21184872498919,-6.62847702066807,-3.18859493102975
2.95574805575155,1.4014541160282,2.42607237358638,4.26612956104074,4.43831027675667,1.40691996027282,2.44287928034039,2.78597075344384,2.26341094854204,3.67255295477159,3.40721634700609,3.99811571349577,3.36046190275043,4.1887294654566
1.09002354408272,1.96181803030108,-0.0967693425332616,2.49986426212304,2.08492610770955,1.7714702775478,1.93221743081866,1.45831668881804,3.05745252208862,1.68121605077093,2.76499966888757,2.1225254422922,1.56554980224463,3.53162377720133
0.58939497259803,1.65781438195372,-2.09514586258601,-2.79717416728418,-2.7801062660992,-3.05334554654772,-3.70846355030395,-2.85712282596425,-3.61043753278716,-5.96223506307872,-7.18250476745684,-5.38384065121899,-5.66874981421157,-6.49907817051404
-0.159908835377266,1.67786116995397,0.639153230890666,1.38876292912745,2.17209706627486,1.97785517313798,0.376147593810129,-0.831399022163997,0.658296478497621,-0.238386496332764,0.907968628775126,-2.14386602568421,0.578219175074603,0.752883682500487
1.15928594820811,0.340021584430299,2.7894548740058,3.43414343362564,4.17941530941452,5.63739859996599,4.74938309514625,5.64086675799552,6.41472963142601,5.34379840466334,8.56161676822742,8.94162057791808,9.99894201470638,12.2633211170493
1.24366599038993,6.0637311051257,4.37015307630211,4.62538267667366,5.41392945084878,5.5789714688844,7.70135282625437,5.84240845091265,9.28373013475587,10.6616502951735,8.01119147993173,7.80171845592604,12.7994234965821,10.1628625501736
1.20740261193897,4.57046204440903,0.158864697327646,0.0932676879004828,0.0551232025998218,1.03937357978339,0.617924181788355,3.46482040312464,3.91286960573565,3.1110272683327,4.0788431104435,4.10120482851639,4.3800028167348,4.45815270619174
3.45151000226577,2.36222133132584,1.32721786587832,-0.0873422830357307,0.81055364082299,1.04537260615564,1.07781118772389,0.888836281164636,0.921021803544664,0.199550861079187,-0.830762929594324,0.248106311801585,-0.934450084361474,1.07709193749021
2.56954348933401,1.68060487213204,1.47054249093476,3.19554965930296,3.20376628056048,4.62138448083017,5.39850371989418,5.25016444549531,5.86398832388711,11.0560148976013,7.85686338279631,7.02512532315738,11.0603049676667,9.10615703567434
1.6941673181879,1.243549619929,0.980974883900591,0.168983040759688,-0.383327274488957,1.72813357770829,0.833492038315304,0.584287177029577,-1.79300207210703,-0.471555058672922,0.502216047944576,-1.09063027250206,-1.46187710230973,0.646111899858088
3.44703792401273,2.06137196966848,2.25153778714946,2.07056472532171,2.89261323417895,2.37835997611825,-1.18219067596695,1.59463605053445,1.57246670309965,2.65277268624107,3.9537091159839,5.38456402901147,3.30941567268447,2.97814222341102
-0.745714634996209,2.38003377733953,1.58252135795577,1.85431028146006,3.25747129881094,4.15045630786956,3.18780249640312,5.43327985640195,4.11522825417957,7.04621254379929,5.90644168853849,3.12310522126608,6.02487548104739,6.21675081300599
-0.172158252173062,-1.47529333081329,0.172370915091274,-0.615608645236405,0.0110420076761628,-1.10937304518633,-3.89169757427489,-3.01154812513242,-3.28340951653804,-4.95499022666499,-3.25119340449098,-3.52869092975652,-4.74524104366805,-2.72356936269496
0.434306657991539,0.990879466191003,0.451748639776336,-1.84739400744606,-1.49975338509338,-1.49159480005121,-1.79116875118255,-2.26686979674554,-1.61594200167611,-0.143518246665209,-0.777183820484757,-3.52251183832814,-3.29322500597072,-4.86749923051476
1.01708912203679,2.33301092244351,1.11362731710838,0.7323063534744,0.534480898024221,-0.925709634358671,0.0980479813811024,2.52431240825938,0.0865694113852187,2.3876832762767,1.23144674216613,0.238109635652397,1.25236100701846,0.13231101158555
0.510220312845667,-0.219487017273556,-0.543516368234897,1.25554500636837,-0.782809254769374,0.0874888032687877,-2.25847715921309,-2.20239460810275,-2.44898653967984,-0.376926458757671,-2.03695993615393,-4.41526410296725,-4.40939389302543,-3.45673896954798
2.01860744396724,0.208107108240906,2.13651791367245,2.0263144270795,1.9182597926273,2.32257618228018,1.63437996342888,0.976322404692709,2.68915930922088,3.17898469062836,3.82195547041035,1.55924570779246,2.20951635958228,1.27180863875657
1.79750996711043,2.2284891881204,2.47830249500293,3.1187732663837,1.53269286989699,2.48647761801939,2.05808248708336,4.49055976469357,1.47849747000288,4.35994888447955,1.35301776813653,3.24175295971769,3.72148911994559,2.59639175372725
0.30703508996892,2.41385925319097,3.37947166432529,1.79868138489833,2.40142206576801,1.45036464522392,4.10009064517942,-0.212408978310575,2.86460446759573,1.53195206638351,1.33722190030515,2.49987363528157,2.57188634369817,2.58876460365623
1.31320681131338,2.18962240122489,2.44858164950267,2.85451750663788,3.45279436876154,3.74945322871636,3.4531596956094,4.73137198919446,4.54205457529593,7.11738301700549,7.84193221647755,8.84136364665255,6.72189127043592,9.0514997516073
-0.0383320538732358,-1.47548232191978,-2.53840834610956,1.02600647036375,2.10519693707107,-0.93264000694442,-0.406790556017158,1.82377570735748,-0.250279579241558,-0.447789541953793,-4.04686309811966,-1.19106904440749,-1.59806326600584,-0.952505703699227
1.21040549546143,-0.348489955510259,-0.645525348964436,0.931634135629709,2.56868655029084,1.17178614202404,0.919791462651842,1.16919255859537,1.94384962966029,1.05864506554446,2.80912192962523,1.607641388505,-0.558624751644525,0.939518612204268
1.33454361255923,1.58385524156343,1.14260577866048,1.71096471658438,0.208479422719776,3.15347283218999,1.55316547637476,0.751751442891453,0.673308971024735,3.2052392116795,4.96822676427256,3.61789318033481,3.02527204604005,2.99795107348467
