     0.509    -0.288    -0.289    -1.063    -1.524    -3.777    -1.934    -3.329    -1.069    -4.720    -6.734    -5.210    -4.862    -7.205     0.560     0.352    -0.535     0.053
     0.457     3.605     1.518     2.177     4.458     4.371     3.744     3.124     4.835     5.311     9.138     8.036     6.112     8.296     1.312     0.352     0.513     0.053
     2.680    -0.256     1.191    -0.326    -0.559     1.318     0.412    -1.016     2.163    -1.177    -1.163    -2.883    -1.344    -3.410     1.130     0.352    -0.241     0.053
     2.782    -0.515    -1.356    -2.033    -1.308    -1.734    -2.559    -3.618    -4.827    -4.907    -5.966    -6.881    -5.737    -7.626     0.707     0.352    -0.617     0.053
     2.258     0.704     1.422    -0.075     1.396     1.267     3.502     1.940     2.910     1.807     3.668     2.637     2.126     2.360     1.104     0.352     0.134     0.053
     2.982     1.718     3.412     1.042     0.450     3.806     2.775     3.060     4.371     4.743     5.236     4.022     3.018     5.701     1.400     0.352     0.271     0.053
     1.538    -0.212     0.181     0.884     0.128    -0.049     1.523    -0.038     1.749     1.759     2.876     1.263     2.917     3.394     0.591     0.352     0.131     0.053
     0.839     0.708    -0.276    -1.587     0.363    -0.529    -1.277    -1.263    -0.142    -0.745    -2.015    -2.722    -3.913    -2.674     0.759     0.352    -0.281     0.053
     1.876     0.685     0.155     0.064    -0.800     0.381    -0.369    -1.005    -2.801    -0.947    -3.173    -1.859    -4.779    -3.656     1.039     0.352    -0.351     0.053
     1.226     1.633     0.976    -0.719    -0.286     0.404    -0.681    -2.701    -3.629    -1.152    -2.244    -3.683    -4.363    -1.043     0.946     0.352    -0.330     0.053
     1.851     0.378     0.114     0.169    -1.789    -2.948    -3.637    -6.366    -4.257    -5.197    -7.185    -7.967    -9.271    -9.041     0.957     0.352    -0.775     0.053
     0.323     2.102     2.014     2.205     4.602     4.679     6.094     5.047     5.725     7.739     8.899     9.932     8.396     9.823     1.229     0.352     0.671     0.053
     1.938     0.343     2.781     2.462     3.838     4.272     5.450     4.311     3.401     3.885     7.237     8.347    11.746     6.340     1.209     0.352     0.553     0.053
     3.161     2.093     3.388     2.438     5.139     3.317     4.717     5.033     6.938     6.788     4.605     6.453     7.560    10.807     1.632     0.352     0.521     0.053
     1.363     0.690     0.131     1.410     3.639     4.460     3.862     2.614     4.898     4.496     4.434     5.261     6.063     7.800     1.009     0.352     0.418     0.053
     0.095     2.040     2.446    -0.080    -1.145    -0.566     1.317    -1.010    -2.231    -1.521    -2.277    -3.362    -1.837    -5.123     1.147     0.352    -0.339     0.053
     2.304    -0.255    -0.545     0.230     1.997     0.533     1.208    -0.889    -1.281     1.244    -1.325    -0.417     0.730    -1.103     0.934     0.352    -0.113     0.053
    -1.028     1.774    -0.287     0.797    -0.042    -2.659    -1.609    -3.686    -0.231    -0.362    -3.538    -5.489    -5.141    -3.756     0.775     0.352    -0.398     0.053
    -0.069     2.133     3.076    -0.277    -0.865     0.586     1.005     1.585    -1.057     1.336     1.015    -0.344     0.699     1.658     0.913     0.352    -0.022     0.053
    -0.117     0.912     3.049     1.754     0.480     1.191     0.300     2.009     1.350     1.750     0.595     1.655     0.489     3.792     0.961     0.352     0.063     0.053
     0.675     0.765    -1.763    -1.826    -1.677    -4.665    -6.034    -5.287    -6.718    -7.529    -7.343    -7.756    -9.014   -10.216     0.443     0.352    -0.809     0.053
    -1.337     0.496     2.193    -1.226    -1.033     0.513    -1.848    -0.270    -1.675    -1.517    -3.580    -0.854    -4.055    -4.007     0.708     0.352    -0.305     0.053
     3.292     0.459     3.448     3.040     3.860     3.288     5.094     4.486     5.516     5.002     5.889     5.565     5.208     5.941     1.697     0.352     0.368     0.053
     1.630    -0.156     2.021     0.789     0.551    -1.994    -1.270    -2.247    -2.063    -1.971    -3.700    -2.625    -1.255    -4.192     0.970     0.352    -0.338     0.053
     0.018     0.463     0.509    -0.530    -0.929     0.529     0.312     0.000    -1.710    -1.829    -2.740    -0.465     0.796    -1.828     0.614     0.352    -0.157     0.053
     0.413     1.413    -0.159    -0.100    -0.102     0.741     1.729     2.951     3.511     0.686     2.029     0.864     1.386     3.462     0.724     0.352     0.111     0.053
    -0.577    -0.276     1.296     0.222    -0.919    -0.682     0.404    -2.327     0.867     0.725     0.763    -0.035    -1.094    -0.252     0.495     0.352    -0.074     0.053
    -0.022    -0.527     0.588     0.751    -0.651    -3.331    -0.582    -1.797    -2.367    -2.517    -3.198    -2.914    -4.532    -4.278     0.657     0.352    -0.371     0.053
     1.712     0.241     1.172    -1.503     0.551     0.782    -0.618    -0.669    -0.417     1.523    -0.003    -0.264     0.151    -0.797     0.786     0.352    -0.093     0.053
    -0.535     2.981     0.674    -0.538     1.070    -1.813    -0.667    -0.208    -2.785    -2.786    -2.494    -3.571    -3.807    -3.324     1.015     0.352    -0.359     0.053
    -0.803     1.126     1.633    -0.163    -2.063     0.470     1.198    -0.336     0.385     1.048     0.690     1.479     0.802     0.416     0.552     0.352     0.002     0.053
    -0.180    -0.832    -1.167    -2.440    -1.495    -1.504     0.648     1.787    -0.688     0.531    -1.074    -2.045    -0.921    -3.919     0.313     0.352    -0.160     0.053
    -0.132     1.011     2.554     2.021     4.347     3.067     1.641     2.414     4.185     3.680     2.587     3.466     3.575     5.069     1.217     0.352     0.240     0.053
     2.604     1.391     1.917     2.031     3.873     2.366     6.232     3.149     3.100     5.684     3.462     6.602     4.165     5.801     1.501     0.352     0.328     0.053
     0.931     2.380     0.977     1.478    -0.094     2.483     0.471     0.104    -1.720     1.464    -1.663    -1.621     0.853    -0.462     1.191     0.352    -0.135     0.053
     1.675    -1.201     2.030     1.307     2.558     1.974     4.356     2.376     5.733     3.050     2.492     5.051     5.297     5.989     0.939     0.352     0.334     0.053
    -0.250     2.318     1.166    -0.485     1.123    -0.716    -0.708    -1.182     1.272    -1.691    -0.438    -0.123    -1.622    -0.348     0.853     0.352    -0.147     0.053
     1.268     2.672     1.519     2.993     4.399     4.270     3.449     5.017     3.556     5.403     5.399     5.527     6.246     7.695     1.463     0.352     0.415     0.053
     0.283     2.072    -0.321     0.239    -1.316    -1.772    -1.627    -0.221    -1.752    -4.310    -2.738    -2.587    -2.187    -2.084     0.690     0.352    -0.298     0.053
     1.821     0.679    -1.632    -0.715    -1.866    -1.851    -2.811    -3.145    -1.302    -4.061    -2.996    -3.379    -3.537    -3.719     0.507     0.352    -0.377     0.053
    -0.865     1.873    -0.619     1.417     0.314     0.200    -0.279     0.537     1.285     2.282     1.909     1.910     0.262     0.208     0.691     0.352     0.025     0.053
     2.146     2.151     3.510     1.050    -0.358     4.068     2.196     3.038     2.330     0.733     1.695     1.716     2.781     1.922     1.476     0.352     0.062     0.053
     1.842    -0.510     0.353     0.106    -1.261     0.282    -0.829    -2.193    -1.311    -0.111    -1.446    -1.120    -2.533    -1.456     0.701     0.352    -0.212     0.053
     0.659     2.018     1.791     3.007     1.231     2.076     0.721     0.130     3.088     2.220     2.414     1.587     4.460     2.294     1.146     0.352     0.121     0.053
     1.419    -0.566     2.720     0.362     1.528     2.249     1.768     0.098     0.244     2.047    -0.383    -0.053    -0.566    -1.869     1.256     0.352    -0.113     0.053
     0.691     2.682     2.986     3.948     3.377     4.278     3.721     3.021     3.615     3.847     3.761     5.667     5.537     4.753     1.617     0.352     0.296     0.053
     0.580     2.206     2.913     0.516    -0.296     1.786    -1.676    -0.791    -1.167    -2.069    -0.862    -2.266    -0.869    -0.312     1.106     0.352    -0.210     0.053
     2.450    -1.266    -1.319     1.009    -0.489    -1.087     0.762    -0.421    -0.322    -0.258     0.001    -4.021     0.478    -2.421     0.724     0.352    -0.176     0.053
    -0.238     2.353     3.267     1.064     1.034     1.448     1.534     1.717     2.700     2.325     2.491     1.885     5.013     4.125     0.995     0.352     0.188     0.053
     1.565     1.776     4.046     2.174     6.496     4.954     6.861     5.757     7.230     9.451     6.532     8.667    10.031    10.106     1.665     0.352     0.667     0.053
     0.924     2.920    -1.542     0.520    -0.708    -0.033    -0.954    -1.125    -0.806    -1.712    -1.773    -3.779    -2.263    -3.363     0.978     0.352    -0.308     0.053
    -0.557     1.723     1.545     0.564     0.861    -0.113     0.632     0.019     0.674     2.091     1.926     2.754     1.193     3.015     0.691     0.352     0.092     0.053
     1.140     0.154     1.580     2.670     0.433     0.680     1.586    -0.779    -0.744    -0.488     0.950    -0.472    -0.154    -0.091     1.086     0.352    -0.103     0.053
     0.909     0.279     2.803     2.228     0.218     2.409    -0.356     2.553     2.157     0.457     2.252     1.277     2.050     1.131     1.105     0.352     0.044     0.053
     0.649     0.994     2.245     1.454    -0.149    -0.735     0.400     0.942     3.056     0.037    -0.701     0.251    -0.364     1.252     0.979     0.352    -0.055     0.053
     0.792     1.630     4.456     0.660     2.495     2.475     1.775     4.028     2.303     1.096     2.330     0.492     2.039     2.647     1.471     0.352     0.068     0.053
     0.731     0.701     0.862    -1.458    -0.807    -0.965    -0.113    -1.709     1.823    -2.035    -2.437    -5.638    -3.735    -1.107     0.788     0.352    -0.298     0.053
     1.131    -0.879     0.199     1.226     1.581     1.305     1.912     1.380     1.954     4.065     3.291     2.602     2.332     3.659     0.722     0.352     0.192     0.053
     0.775     1.594    -0.082    -1.466    -0.504     0.244    -0.566     3.699     2.950     1.594     1.707     1.933     3.561     2.937     0.496     0.352     0.154     0.053
    -0.495     0.540     2.347     1.794     2.630     2.973     1.623     2.360     0.193     3.342     2.882     3.667     1.933     4.002     1.016     0.352     0.176     0.053
     1.255     0.216     0.306     0.880    -0.787     1.221     1.108     2.964     1.919     4.168     2.420     4.012     3.205     2.424     0.673     0.352     0.195     0.053
    -0.073     3.020     3.176     2.860     3.110     4.584     4.181     3.853     5.474     6.812     5.538     6.590     5.549     7.403     1.454     0.352     0.442     0.053
     2.698     1.925     1.723     0.915     1.027     2.243     2.832    -0.433     2.962     1.062     2.499     0.914     2.894     1.315     1.340     0.352     0.044     0.053
     1.264    -0.163     2.723     2.064     4.095     3.045     2.651     3.875     3.775     4.606     3.889     6.266     6.374     7.194     1.094     0.352     0.405     0.053
     1.288     1.762     0.149    -0.546     0.366    -1.436    -0.883     0.882     0.690    -0.147    -2.283    -1.370    -1.343    -1.495     0.904     0.352    -0.189     0.053
     0.625     0.189    -1.475    -0.427     0.125    -0.010     0.138     1.950    -1.423    -0.010     0.059     0.582     0.612    -0.346     0.516     0.352    -0.044     0.053
     2.069     1.911     2.105     1.952     2.183     1.010     3.037     1.754     0.518     1.508     0.093     0.864     1.847     1.831     1.460     0.352     0.001     0.053
     1.673     0.975     0.946     0.732    -0.111     2.853     2.104     0.254     1.203    -2.560     0.839    -0.105     0.617     0.054     1.130     0.352    -0.080     0.053
     1.194     2.503     0.845     0.587     2.877     2.423     3.952     3.761     2.706     3.992     2.885     5.061     4.695     6.771     1.108     0.352     0.320     0.053
     1.832     2.413     1.926     2.428     2.071     3.319     0.991     3.270     3.703     4.550     5.321     3.026     3.600     4.707     1.382     0.352     0.243     0.053
     2.639     1.191     1.256    -0.426     2.493     2.054     5.775     2.621     3.427     1.952     2.715     7.273     4.994     5.815     1.079     0.352     0.321     0.053
    -0.453     1.602     1.558     2.747     1.017     1.448     1.884     2.381     1.452     3.273     2.335     1.423     2.404     2.807     1.052     0.352     0.123     0.053
    -0.718     1.925     0.753     2.569     2.548     2.226     3.072     2.340     3.962     3.215     3.569     4.579     4.401     3.734     1.041     0.352     0.266     0.053
     1.375     2.455     1.675     2.228     3.266     1.667     2.873     0.958     1.502     4.658     3.614     2.713     4.301     3.973     1.316     0.352     0.197     0.053
     0.706     2.985     1.674     0.959     1.161     2.402     1.601     4.139     6.169     2.294     3.634     4.769     5.215     5.671     1.063     0.352     0.313     0.053
     2.430     0.199     2.335     2.744     1.874     3.384     1.958     2.465     2.135     2.788     1.641     4.032     5.175     2.610     1.307     0.352     0.179     0.053
     1.612     3.497     2.142     1.954     0.776     2.569     3.764     5.248     2.766     2.936     3.401     2.846     2.379     1.701     1.640     0.352     0.127     0.053
     1.028     0.320    -0.099     1.687     3.068     1.101     1.239    -0.098    -1.043     2.632     0.369     0.503    -0.371     1.345     1.038     0.352    -0.031     0.053
     0.795     0.483     1.878     0.895    -0.440     1.440     1.062     2.416     0.896     1.325     2.919    -0.173     1.273     1.559     0.927     0.352     0.040     0.053
     1.683     0.048     1.859    -0.978    -0.238    -0.071    -1.353    -0.781     0.228    -1.149    -1.355    -0.947    -1.945     2.244     0.691     0.352    -0.128     0.053
     2.823     3.153    -0.001     3.262     1.789     3.831     2.021     1.126     4.578     3.342     4.051     1.496     3.241     2.920     1.577     0.352     0.140     0.053
     0.704    -0.635     0.873    -2.277    -0.191    -1.759    -3.695    -4.225    -3.522    -1.964    -3.520    -6.724    -7.534    -4.356     0.591     0.352    -0.512     0.053
     1.510     0.975     1.942    -0.316     2.571    -1.495     1.737     1.517     1.861     0.554     1.582     1.841     0.738     0.425     1.067     0.352     0.002     0.053
     1.467     1.991     2.418     0.277     0.831     1.237     2.599     3.502     3.052     3.335     2.908     2.525     1.841     2.346     1.239     0.352     0.129     0.053
     1.620     1.341     3.514     1.704     5.097     2.609     1.006     4.632     3.455     1.943     3.350     4.226     5.487     3.431     1.502     0.352     0.225     0.053
     2.287     2.256     3.717     4.270     4.041     1.487     2.929     3.710     5.674     5.981     6.996     7.120     7.994     6.949     1.538     0.352     0.463     0.053
     1.504     3.071     1.842     2.778     3.976     3.501     5.979     5.560     4.488     5.298     8.025     5.014     6.237     6.784     1.625     0.352     0.434     0.053
    -1.619     0.089    -0.379     0.044    -0.554    -1.302    -2.095    -3.198    -2.556    -3.529    -2.062    -4.190    -4.321    -5.484     0.488     0.352    -0.398     0.053
     0.235     0.042     1.163     0.429     1.215    -0.428    -1.493     1.966     0.785    -0.594    -0.065    -0.285    -0.196    -1.304     0.817     0.352    -0.104     0.053
    -0.248     0.552     1.378     2.062    -0.608     0.905     1.166     2.132     2.316     1.818     3.043    -1.276     2.934     3.070     0.765     0.352     0.107     0.053
     3.802     1.837     2.765     2.468     3.478     4.981     3.226     7.515     5.442     6.937     6.160     6.642     8.047     8.225     1.655     0.352     0.505     0.053
     0.628     0.687     3.114     3.875     4.293     3.631     1.467     3.501     4.588     8.234     8.489     5.431     6.942     7.471     1.235     0.352     0.494     0.053
     0.096     2.405     3.045     0.676     1.515     1.990     1.892    -0.038     1.447     1.635     1.285     1.490     1.646     0.694     1.247     0.352     0.011     0.053
    -0.424    -0.527     1.530    -0.424     0.619     2.863     3.301     1.003     1.289     1.771     2.639     1.322     2.670     2.479     0.687     0.352     0.137     0.053
     1.449     0.551    -1.162    -0.697    -0.919    -1.018     0.379    -0.094    -3.256    -1.659    -1.128    -2.866    -3.743    -0.917     0.665     0.352    -0.254     0.053
     2.220     1.809     1.921     4.087     1.142     4.261     3.813     4.290     4.791     3.222     6.024     7.787     9.876     9.603     1.143     0.352     0.543     0.053
     2.217     1.365     3.629     1.743     1.196     2.870     0.733     3.148     2.804     2.436     3.741     3.804     3.570     4.382     1.299     0.352     0.197     0.053
     0.129    -1.485     0.246     0.932    -2.705    -0.973    -0.320    -2.256    -3.591    -3.712    -4.978    -5.562    -7.229    -5.376     0.707     0.352    -0.514     0.053
     0.346     1.392     1.302     1.895     2.217     2.846     2.402     1.646    -0.211     3.063     3.012     1.125     1.152     2.664     1.199     0.352     0.082     0.053
     0.837     1.786    -0.518     0.774     0.920     0.370     0.066     1.080     0.289    -0.756     1.342     1.569    -0.529    -0.717     0.932     0.352    -0.069     0.053
     0.399     0.598    -0.366    -0.547     0.173     0.466    -0.480    -0.715    -0.241     0.704     0.861     1.284    -1.458    -0.688     0.616     0.352    -0.076     0.053
     2.148     2.264     1.720     2.410     1.808     1.199     0.944     0.043     2.191     0.395     0.886     1.522    -0.624     0.419     1.491     0.352    -0.071     0.053
     0.596     0.169     0.388     1.799     1.448     0.653     1.189    -0.199    -1.231     1.608     1.186     0.832     1.934     0.556     0.836     0.352     0.005     0.053
     2.185    -1.598     0.094    -2.166    -0.045    -2.805    -2.626    -3.192    -3.141    -4.592    -5.744    -4.853    -5.582    -5.607     0.591     0.352    -0.519     0.053
     1.308     1.476     1.494     0.003    -0.793     1.312     0.146    -0.211    -1.453    -0.449     0.274    -0.478    -2.107    -2.165     1.074     0.352    -0.194     0.053
     0.922     1.853    -0.479     2.145    -0.349     0.904     2.489     3.635     3.024     2.910     4.330     2.477     2.662     4.846     0.856     0.352     0.225     0.053
     1.098    -0.789     0.196    -0.336     0.066    -1.134    -0.120    -3.501    -1.654    -2.819    -3.800    -4.988    -2.892    -3.171     0.717     0.352    -0.366     0.053
    -1.605    -0.949    -1.405     0.916    -1.656     0.767    -2.048    -1.325    -1.602    -2.236    -1.000    -2.182    -2.063    -0.859     0.180     0.352    -0.177     0.053
     2.304     1.418     0.156     1.197    -1.446    -2.092    -3.398    -2.168    -4.902    -4.277    -3.621    -2.950    -5.505    -4.505     0.950     0.352    -0.484     0.053
     0.899    -0.270     0.835     0.124    -0.543    -0.713     0.046     1.499     1.903     0.106    -2.062    -0.655    -2.313    -2.584     0.880     0.352    -0.180     0.053
    -0.351     0.308     1.360    -0.016    -1.345    -0.310    -1.974     0.718    -1.405     0.825     0.199    -1.076    -1.592    -3.471     0.668     0.352    -0.181     0.053
    -0.517     1.710     4.065     1.416     1.299     1.793     2.766     0.498     4.241     1.032     2.033     1.935     0.360     0.793     1.335     0.352     0.029     0.053
    -0.501     0.961     0.392     0.507     0.649     1.568     1.992     1.694     2.595     3.509     4.126     2.501     2.753     2.730     0.686     0.352     0.196     0.053
     1.087     2.615     1.358     0.597    -0.304    -0.100     2.659     1.046    -0.149     0.073     1.530     0.477     0.458     0.525     1.101     0.352    -0.045     0.053
     0.528     0.010    -0.596     1.485    -1.027    -1.846    -2.756    -0.651    -3.148    -1.518    -3.499    -4.564    -4.856    -3.747     0.726     0.352    -0.396     0.053
     1.089     0.865    -0.144    -1.351    -1.305    -1.649    -0.928     2.309     0.879     0.402    -1.030     0.221    -0.729     1.147     0.484     0.352    -0.054     0.053
     1.132     0.518     1.332    -0.467     0.538     1.077    -1.102    -2.189    -1.092     0.540     0.700    -0.595     0.403    -1.037     0.782     0.352    -0.114     0.053
     0.228     1.981     1.027     1.878     2.831     3.569     2.196     2.837     3.111     3.521     1.754     3.084     5.338     3.704     1.172     0.352     0.225     0.053
     1.712     1.634     2.026     0.225     0.169     2.044     0.024     0.406     0.611    -1.551     0.849     1.210    -1.132    -0.741     1.199     0.352    -0.120     0.053
     1.393     1.812    -0.031     0.997     1.980     1.478     1.916     3.270     4.162     3.695     4.380     3.634     4.831     6.698     0.859     0.352     0.325     0.053
     0.111     0.624     1.813     0.881     2.851     4.288     3.029     2.761     2.740     2.634     4.110     5.759     2.982     5.630     1.014     0.352     0.293     0.053
    -0.207     0.893    -1.118     1.153     0.368    -0.777    -0.355    -0.376     2.375    -0.226     0.598     1.630     0.314     0.751     0.531     0.352    -0.002     0.053
     2.450     1.212     1.280     2.453     1.147     3.554     2.823     2.192     4.832     4.088     3.661     5.157     7.523     4.616     1.150     0.352     0.338     0.053
     4.136     0.868    -0.242     1.461     1.251     2.742     1.663     1.604     1.638     2.509     1.938     3.598     3.890     3.647     1.141     0.352     0.157     0.053
     1.954     3.168     4.578     2.100     3.638     3.189     6.408     5.178     7.599     7.841     6.128     7.067     7.764    10.085     1.662     0.352     0.561     0.053
     2.069     1.682     1.149     1.176     1.807     1.120     2.242     2.925     3.714     1.193     1.560     1.776     2.312     4.908     1.172     0.352     0.137     0.053
     2.076     3.100     4.885     1.510     2.644     4.286     2.756     4.264     4.470     4.969     4.623     2.266     6.053     6.324     1.703     0.352     0.298     0.053
     1.256     0.386     1.772     0.749     1.686     1.099     3.180     2.514     1.614     1.300     3.576     5.068     3.435     3.638     0.921     0.352     0.214     0.053
     1.682     4.114     3.082     2.297     2.246     2.956     4.182     1.667     4.734     4.313     1.465     2.583     3.204     3.649     1.786     0.352     0.145     0.053
    -0.692     1.545     0.589     0.154     2.805    -1.065     1.064     0.262     1.528    -0.021     2.500     0.434     2.141     2.790     0.686     0.352     0.072     0.053
     0.382     1.953     1.181     2.458     2.365     2.128     5.136     4.902     1.483     5.593     4.297     5.164     7.206     9.093     0.975     0.352     0.455     0.053
     2.837     1.439     2.414     2.337     4.085     5.495     6.824     7.003     8.544     8.603     7.529     7.955     9.684    11.455     1.524     0.352     0.699     0.053
     0.447     2.978     2.481     1.241     0.911     0.251     1.352     0.939     3.443     2.626     2.636     2.614     3.600     4.031     1.026     0.352     0.167     0.053
     2.541     1.611     2.943     1.215     3.323     3.063     1.691     2.535     3.297     2.535     2.776     4.439     3.320     3.156     1.494     0.352     0.167     0.053
     1.447     2.352     0.435     0.409     1.759     2.412     0.418    -0.196     0.962    -0.399     0.079    -0.772     0.166     0.281     1.225     0.352    -0.101     0.053
    -0.444     0.665     1.386    -0.612    -1.780    -1.131    -2.337    -1.847    -1.484    -1.788    -2.826    -2.296    -5.018    -4.777     0.686     0.352    -0.370     0.053
     0.692    -0.668    -0.509     1.685     0.990     0.414     1.489     2.366     1.361     0.548     2.053     1.862     1.418    -2.716     0.881     0.352    -0.007     0.053
     1.828    -0.032     1.425     3.083     0.098     2.595     3.801     2.700     4.307     1.350     4.452     4.426     5.800     6.068     0.950     0.352     0.324     0.053
     0.318     0.978     3.602     2.872     1.732     2.659     4.063     2.058     3.237     2.659     4.082     3.068     4.512     2.638     1.341     0.352     0.203     0.053
    -0.856    -1.399    -0.163    -1.491     1.197    -1.666     2.062     1.142    -0.579     1.761    -0.894     0.711    -0.651    -2.264     0.430     0.352    -0.067     0.053
     0.764     1.990     0.318    -0.098     0.346    -0.160    -0.204     1.593     2.221    -0.438     1.591    -0.937     1.296    -0.794     0.903     0.352    -0.054     0.053
    -0.807     0.284    -3.776    -0.610    -2.120    -1.043    -1.119    -2.694    -1.919    -3.217    -3.265    -6.667    -4.721    -5.710     0.328     0.352    -0.434     0.053
     0.105     1.328     1.691    -0.532    -0.099    -0.696    -1.415    -0.980    -2.155    -2.116    -1.595    -3.240    -3.171    -2.151     0.861     0.352    -0.299     0.053
     0.122     2.450     1.191     1.573     1.870     3.628     3.896     3.241     1.978     3.421     2.427     5.060     4.083     3.466     1.208     0.352     0.233     0.053
    -0.955    -0.554     0.303    -0.840     0.566     0.372    -0.200     2.411    -2.012    -1.002    -0.132     0.853    -0.807     0.562     0.434     0.352    -0.050     0.053
     2.066     4.331     1.513     3.122     2.992     5.287     4.073     5.248     6.140     4.546     6.470     6.768     8.645     7.837     1.618     0.352     0.488     0.053
    -0.178     2.343     2.775     3.237     4.819     5.139     4.251     5.396     5.596     7.440     5.446     6.005     5.683     7.900     1.552     0.352     0.466     0.053
     1.982     3.099     0.877     3.813     3.912     2.731     2.135     3.543     1.212     2.353    -0.180     1.334     0.559     3.121     1.804     0.352     0.014     0.053
     1.311    -0.246    -1.952     1.717    -2.618    -3.419    -0.639    -0.990    -2.218    -2.545    -1.354    -4.027    -4.382    -4.882     0.604     0.352    -0.370     0.053
    -1.128    -0.717     0.031    -0.224     1.521    -0.122     0.653    -2.160    -0.253    -2.123    -2.096    -0.742    -1.325    -3.567     0.615     0.352    -0.210     0.053
     1.250     1.172    -0.234     0.750     0.822     0.285     1.047     1.483     3.043     1.498     2.238     1.699     0.882    -0.205     0.951     0.352     0.028     0.053
    -0.100    -1.635    -1.075     1.794    -1.353    -2.967    -3.153    -4.460    -5.488    -5.716    -3.132    -4.802    -7.592    -7.261     0.476     0.352    -0.573     0.053
     1.686     1.913    -0.090     0.235     0.124     0.229     0.575     0.189     0.435    -1.102    -0.099    -1.520    -1.320     0.218     1.011     0.352    -0.145     0.053
     0.886     1.208     2.479    -0.381     1.143     1.257    -1.056    -0.757     1.439     1.949    -2.405    -1.003    -0.221     0.117     1.047     0.352    -0.121     0.053
     2.834     1.616    -0.089     0.352     0.863    -3.045    -4.011    -1.851    -0.266    -2.915    -3.406    -4.192    -4.691    -1.997     0.999     0.352    -0.398     0.053
     0.388     2.603     4.826     3.542     2.489     6.841     6.195     6.535     7.188     8.045     8.582     9.718    12.824    11.429     1.427     0.352     0.778     0.053
    -0.323     3.547     2.680     2.926     2.922     3.444     2.871     2.816     5.965     5.110     6.711     8.635     7.107     6.948     1.224     0.352     0.485     0.053
    -1.229    -0.212    -1.552     2.631     1.960     0.603     0.272     0.043     0.945    -0.062    -0.457    -0.140    -0.216    -1.567     0.733     0.352    -0.086     0.053
     0.894     1.381     2.522     3.856     4.311     4.010     5.224     6.070     6.255     6.624     6.725     5.530     8.565     8.044     1.473     0.352     0.531     0.053
    -0.431     1.109     1.374     0.953     0.235     0.592    -1.618     0.376    -0.071    -0.135    -1.932    -3.470    -1.255    -3.183     1.006     0.352    -0.246     0.053
     0.599     0.930     2.446     3.053     1.220     0.437    -0.038     0.160     2.002    -0.427    -3.508     0.617    -2.094    -1.353     1.355     0.352    -0.194     0.053
     0.436    -0.365     1.040    -0.114     0.440     2.898     1.160     3.633     0.532     2.516     2.269     1.343     1.273     3.094     0.759     0.352     0.120     0.053
    -0.451     1.031     1.059     0.101    -0.860     0.767    -0.273    -0.670     1.498    -1.619     1.819    -1.120    -0.720    -1.885     0.757     0.352    -0.124     0.053
     1.812     0.842     1.946     2.327     4.556     2.770     4.268     3.291     7.083     7.027     7.227     8.751     7.575     9.298     1.140     0.352     0.587     0.053
     1.669     2.208     1.275     2.527     1.349     3.551     0.161     1.435     1.748     0.700     1.754     0.948     0.790    -0.036     1.475     0.352    -0.036     0.053
     1.021     3.005     2.992     3.410     3.441     4.236     4.550     4.743     7.121     7.219     6.371     6.257     8.094     8.339     1.540     0.352     0.522     0.053
     0.290     0.809     0.130    -1.650    -1.642    -4.307    -3.248    -0.555    -3.996    -4.917    -5.111    -6.872    -5.914    -6.423     0.597     0.352    -0.562     0.053
     1.673     1.953     3.693     4.347     2.854     3.117     5.975     6.028     6.632     8.232     7.444     9.576     9.946     7.775     1.522     0.352     0.623     0.053
     2.696     1.625     4.075     2.944     5.555     6.286     7.813     5.637     6.539     8.245     9.446    10.260    11.118    12.162     1.680     0.352     0.763     0.053
     2.768     3.026     1.982     0.884     1.454     2.632     2.486     2.526     4.043     3.818     3.492     5.383     4.524     5.104     1.322     0.352     0.267     0.053
     1.858     3.221    -0.200     1.716     3.638     1.355     3.188     2.908     2.143     2.509     2.926     2.706     1.498     1.206     1.530     0.352     0.077     0.053
    -0.506    -0.326     0.966    -1.659    -1.164    -3.186    -3.880    -5.341    -3.289    -4.790    -4.808    -3.283    -4.638    -4.651     0.244     0.352    -0.455     0.053
     2.591     2.107    -0.878    -0.641    -0.160     0.337    -1.952    -0.926    -1.044    -4.805    -4.193    -4.012    -2.059    -4.298     1.087     0.352    -0.402     0.053
     1.855     3.023     4.702     3.899     5.058     4.486     6.017     5.338     5.330     5.730     8.164     8.562    10.762     9.562     1.768     0.352     0.611     0.053
     0.595     2.202     0.618     0.544     0.591     0.408     0.443    -0.344    -1.035     0.189     0.934    -1.724    -1.912    -0.208     1.043     0.352    -0.152     0.053
     3.080    -0.029     2.496     2.773     3.234     2.156     3.341     4.869     4.127     5.905     6.310     8.045     7.714     8.477     1.145     0.352     0.515     0.053
     0.606     1.112    -1.594    -2.704    -0.059    -2.251    -2.486    -1.341    -0.195    -1.149    -1.809    -2.472    -2.382    -3.136     0.397     0.352    -0.254     0.053
    -0.244     1.912     2.758     0.897     2.669     1.723     2.626     0.568    -0.647     0.221     1.398    -0.789    -0.588     0.262     1.359     0.352    -0.088     0.053
     1.957    -1.096    -1.768    -2.897    -4.260    -5.536    -5.117    -4.031    -5.091    -5.282    -5.477    -5.846    -7.269    -7.066    -0.013     0.352    -0.607     0.053
     0.444     1.279     0.162     1.296     1.324     1.640     0.929     1.397     2.729     3.478     3.117     3.729     2.424     5.147     0.746     0.352     0.223     0.053
     1.749     0.858     3.776    -1.772     0.792     0.595     3.387     2.455     2.540     4.855     6.096     4.273     4.892     5.185     0.831     0.352     0.324     0.053
     1.374     1.620     0.518     1.554     2.633     1.839     1.805     1.653     2.033     0.351     0.106     0.818     1.306     1.752     1.269     0.352     0.003     0.053
    -0.141     2.352     3.475     2.117     2.023     1.540     1.754     4.191     0.836     3.834     6.261     3.529     5.995     5.608     1.078     0.352     0.317     0.053
     1.290    -1.975     0.684     4.103     0.175     2.251    -0.435    -0.744    -3.173    -1.181     0.199     0.840    -0.818     1.049     0.834     0.352    -0.095     0.053
     1.482     1.582    -0.847    -0.391     0.016    -0.582    -1.358    -1.142     0.643    -0.719    -1.375    -0.413    -2.373    -1.679     0.800     0.352    -0.199     0.053
     2.521    -0.174     1.003    -0.381     0.072    -0.025    -1.099    -1.113    -1.345    -0.847    -0.860    -1.160    -1.401    -1.396     0.861     0.352    -0.200     0.053
     1.381    -0.180     2.362    -0.129    -0.395     2.008    -0.419     2.186     1.652     3.151    -0.578     3.179     1.858    -0.232     0.886     0.352     0.039     0.053
     0.629     0.129    -1.065    -1.542    -3.466    -2.738    -1.877    -5.911    -7.239    -6.373    -6.464    -7.129    -7.605    -8.643     0.454     0.352    -0.707     0.053
    -0.127     2.988     2.464     1.165     2.058     4.328     3.330     2.594     3.969     3.382     5.053     3.988     4.192     6.024     1.232     0.352     0.303     0.053
     1.078     2.235     2.176     2.259     0.955     2.558     2.151     2.145     3.128     1.998     2.433     1.468     4.730     2.404     1.289     0.352     0.136     0.053
     2.133    -0.472     1.595    -1.337    -0.273    -0.451    -1.660    -0.733    -3.475    -1.457    -1.340    -3.110    -2.725    -1.753     0.776     0.352    -0.281     0.053
     1.631    -0.161     1.392    -0.554    -0.414     0.804    -0.561     3.010     0.615     1.017     1.079    -1.862    -1.509     0.035     0.913     0.352    -0.093     0.053
     2.659     0.533     3.221    -0.621     2.445     0.743     1.759     2.055     1.412     1.834     1.045     3.432     1.726     2.771     1.181     0.352     0.083     0.053
     1.021     2.809     1.796     0.635     1.567     2.884     3.320     6.391     3.343     3.810     5.896     6.692     6.540     4.311     1.175     0.352     0.381     0.053
     0.638     0.200    -0.194     0.388    -0.177     0.714     0.587    -1.860     1.092    -0.492     0.089    -1.880    -0.862    -0.693     0.739     0.352    -0.131     0.053
     0.500     1.377     2.367     2.049     1.993     4.026     5.152     3.738     2.793     5.475     4.551     4.655     6.158     4.323     1.275     0.352     0.340     0.053
     0.947     0.083     0.373     0.877    -0.129     1.315    -2.144    -0.838    -1.588    -1.492    -1.031    -0.005    -1.738    -1.842     0.790     0.352    -0.196     0.053
    -1.247    -0.227     1.151     0.636     2.843     1.215    -1.022    -0.320     2.581     2.243     0.421     0.326    -0.358     0.954     0.743     0.352    -0.002     0.053
     2.461     3.386     2.301     2.370     3.364     2.557     4.269     2.947     2.963     3.427     2.092     2.850     3.720     2.446     1.827     0.352     0.130     0.053
     1.299     1.230     0.634     1.031    -0.337     1.381     1.098    -0.441     0.695     0.524     1.461     0.670     1.445     0.208     0.927     0.352    -0.020     0.053
     1.352     1.175     0.643     0.440     1.196     4.092     1.695     1.918     2.244     1.375     1.729     1.732     3.527     3.858     1.002     0.352     0.145     0.053
     1.560     0.067     0.187     1.600     1.387    -0.346     2.500     0.699     0.884     0.051     0.170    -0.046    -1.766    -0.501     1.116     0.352    -0.110     0.053
     0.867     1.604     0.317     2.843     1.448    -0.953     2.617     1.917    -0.577     0.840     1.722    -1.360     0.927    -0.402     1.211     0.352    -0.066     0.053
     1.447     3.668     1.369     3.352     3.431     4.624     5.074     4.939     4.121     5.213     4.676     5.782     5.624     6.029     1.697     0.352     0.364     0.053
    -1.437    -1.237    -3.305    -0.882    -1.210    -2.920    -3.207    -2.624    -5.175    -2.329    -4.537    -3.381    -3.835    -4.407    -0.142     0.352    -0.365     0.053
     0.915     2.166     0.783     0.829     1.954    -0.313     1.040     2.200     1.732     2.025     1.305     3.533     0.378     0.792     1.093     0.352     0.040     0.053
    -0.782    -0.282     0.823    -1.030    -1.496    -1.896    -3.012    -4.259    -1.812    -4.520    -3.024    -3.932    -6.174    -6.670     0.506     0.352    -0.485     0.053
     0.731     0.613    -0.610     0.194     1.891    -1.571    -0.882     1.431    -1.157     1.685    -0.476    -1.022    -1.426    -2.817     0.864     0.352    -0.165     0.053
    -0.042     0.945     0.070     1.562     0.737     0.259     0.796     3.234     1.789     1.728     1.204     0.567     0.824     2.467     0.820     0.352     0.062     0.053
     2.247     1.515     1.684     0.327    -0.630    -0.082    -0.718    -1.390     0.345     0.043    -1.550     0.336    -1.830    -1.454     1.074     0.352    -0.193     0.053
     1.358     3.078    -1.438     0.481     2.270     2.190     1.684    -1.207     0.429     1.287    -1.215     0.475    -0.620    -0.504     1.236     0.352    -0.113     0.053
    -0.932     0.025     0.790     3.143     0.613     3.105     4.434     4.496     3.430     3.433     5.196     3.422     7.844     5.181     0.753     0.352     0.397     0.053
     2.752     2.721     0.857     1.552     0.710     4.761     4.261     3.207     1.954     3.976     4.552     2.372     8.565     5.132     1.290     0.352     0.317     0.053
     0.256     1.920     0.632     2.059     1.103     3.791     2.284     0.465     0.055     2.893     1.739     1.952     1.678     0.689     1.195     0.352     0.045     0.053
     0.162     1.884     1.218     1.263     1.693     0.262     1.229     2.494     3.379     1.234     1.429     1.156     2.053     2.849     1.010     0.352     0.090     0.053
     0.117    -1.226     1.877    -0.898     1.989    -1.199    -0.121     1.144    -0.390    -0.157    -1.004    -2.083    -1.394    -1.040     0.744     0.352    -0.152     0.053
     1.269     0.827    -0.115     0.510     0.155     0.251    -0.246     0.212     0.490    -0.842     1.275     0.671    -0.548    -1.164     0.842     0.352    -0.094     0.053
     2.508     3.583     2.287     3.909     2.931     3.891     4.819     4.436     5.012     4.969     6.092     6.718     7.736     6.179     1.726     0.352     0.421     0.053
    -0.349     0.039     1.193    -1.947    -1.387    -2.960    -1.648    -3.490    -1.366    -3.423    -3.031    -2.863    -2.146    -2.835     0.292     0.352    -0.303     0.053
     0.080     1.351     2.328    -0.842     1.388     0.832     1.015    -1.558     0.408    -2.168    -1.306    -0.700    -1.493     0.346     0.980     0.352    -0.158     0.053
    -1.161     0.842    -0.708     0.656    -0.613     1.515     0.880     0.382    -0.252     0.876    -0.752     1.348    -0.797     0.157     0.584     0.352    -0.041     0.053
    -0.012     1.114     1.702     0.818    -0.428     1.847     2.470     1.615     2.496     2.053     3.053     0.966     3.235     2.507     0.850     0.352     0.137     0.053
     0.582     0.979     1.263     2.774     1.027     1.910     0.249     0.644     1.439     2.619     0.220    -0.441     0.160     0.622     1.184     0.352    -0.042     0.053
     2.039     0.400    -0.591     2.447     0.987     2.095     2.551     3.349     4.884     3.844     3.183     4.756     3.123     5.364     0.946     0.352     0.283     0.053
    -0.786     1.845     0.004    -0.017     0.253     2.763     1.382     1.328     1.627     4.459     3.394     5.319     2.744     4.556     0.546     0.352     0.265     0.053
     0.555    -1.263     2.400     1.681     0.348     1.418     2.517     1.416     2.032     3.621     2.120     2.640     3.255     1.266     0.850     0.352     0.143     0.053
     1.676     1.407     2.362     1.430     1.963     2.054     2.972     1.739     1.484     1.805     1.888     2.474     2.828     2.263     1.316     0.352     0.094     0.053
     0.679    -0.045     0.556    -0.122    -2.104    -2.245    -3.472    -3.338    -3.014    -2.950    -3.366    -5.207    -7.320    -9.149     0.813     0.352    -0.586     0.053
     0.961     1.505    -0.801    -0.999    -1.045    -3.146    -2.399    -1.689    -3.870     0.263    -2.489    -4.314    -6.596    -4.171     0.697     0.352    -0.419     0.053
     1.558     1.123     0.811     1.207     0.458    -0.572    -3.294    -1.823    -2.161    -2.549    -2.711    -2.787    -4.575    -3.131     1.065     0.352    -0.383     0.053
     0.760     3.302     1.906     1.227    -0.649    -0.532    -0.360    -0.303    -0.908    -0.098    -1.375    -4.547    -2.455    -2.813     1.335     0.352    -0.310     0.053
     0.244     2.669     0.640     1.116    -1.437    -1.349    -0.447     0.551     0.040    -1.486    -0.316    -0.093     0.092    -3.683     0.927     0.352    -0.183     0.053
     0.818     4.325     1.545     2.873     3.623     6.847     4.961     3.324     5.310     2.948     3.837     2.375     5.279     6.447     1.814     0.352     0.283     0.053
     1.191     1.689     0.569    -2.345     0.414     0.937    -0.551    -0.095     0.121     0.346    -1.609    -1.519    -1.174    -0.172     0.832     0.352    -0.149     0.053
    -1.415    -0.271     1.515    -0.424     2.182    -1.943    -0.269     0.919     1.619    -0.145     0.926     2.722     0.138     2.757     0.387     0.352     0.067     0.053
    -0.235     0.103     1.270     0.943     0.570     1.471     1.225     0.594    -2.025     0.658    -0.605     0.180    -2.299     0.883     0.882     0.352    -0.101     0.053
    -1.513     1.060     1.031     1.710     0.757     1.393     3.923     3.321     1.092     3.661     4.278     6.038     5.150     4.031     0.641     0.352     0.329     0.053
     2.252     0.338     1.465     1.297    -0.066     1.682     2.707     0.690    -0.361     3.598     3.526     1.513     2.203     2.345     1.010     0.352     0.102     0.053
     0.910     0.684     0.258     1.795     4.213     4.304     4.178     4.251     7.099     4.202     4.294     5.924     6.450     5.032     1.203     0.352     0.403     0.053
     2.740     0.048     0.307     0.518     1.824     0.993     0.734     4.150    -1.314     0.788    -0.326     1.837    -0.415     2.892     1.045     0.352     0.000     0.053
    -0.089    -0.542    -0.424    -1.273     0.117    -0.254     0.582    -0.216    -0.303    -1.328    -1.635    -2.572    -2.422    -1.454     0.558     0.352    -0.196     0.053
     2.500     3.833     2.516     2.661     2.259     5.336     3.781     7.215     6.661     5.240     6.820     8.159     8.247     7.680     1.654     0.352     0.520     0.053
     1.255     0.845     1.621    -0.537     2.368     2.101     0.648     1.085     2.654     2.835     3.533     2.716     2.110     3.255     0.933     0.352     0.153     0.053
     0.386    -0.066     1.614     0.680     1.352     1.815     0.722     2.240     3.374     4.545     2.487     3.009     3.579     1.838     0.831     0.352     0.186     0.053
    -1.383    -1.197    -0.726     0.451    -1.150    -1.937    -1.942    -0.201    -1.175    -1.697     0.393    -2.106    -0.033    -2.565     0.138     0.352    -0.144     0.053
     1.078    -0.864     1.517     0.021    -0.298     1.875    -1.538     0.293    -1.421     0.108     1.573    -0.136    -0.729    -0.767     0.732     0.352    -0.095     0.053
     1.549     1.910     0.914     1.956    -0.677     4.507     1.747     2.560     2.278     3.969     1.188     2.472     4.139     3.839     1.118     0.352     0.178     0.053
    -0.285     0.115    -1.411    -1.616    -0.630    -0.069    -2.807    -0.136    -1.626    -2.398    -2.222    -3.485    -2.751    -3.710     0.422     0.352    -0.294     0.053
    -0.925    -0.727    -1.363    -2.037    -4.201    -5.783    -5.114    -3.970    -6.797    -6.420    -6.113    -8.808    -6.797    -9.961    -0.050     0.352    -0.710     0.053
    -0.245     1.304     0.540    -0.490    -1.085    -1.441    -2.286    -0.565    -2.962    -0.856    -3.299    -1.837    -2.826    -3.604     0.643     0.352    -0.304     0.053
     0.138     2.621     1.053     1.442     1.665     2.602     1.868     2.445     3.466     1.608     0.902     3.240     2.592     3.459     1.141     0.352     0.138     0.053
     3.624     2.479     1.979     3.147     3.521     5.206     5.447     4.290     5.743     4.775     5.444     6.010     6.394     6.165     1.846     0.352     0.384     0.053
    -0.166    -1.399     1.533    -0.884    -1.742    -0.448     0.881     2.405    -0.291     1.190     0.518     1.319     0.482    -0.847     0.411     0.352    -0.005     0.053
     2.462     3.574     1.152     1.912     1.900     2.763     3.611     3.516     4.616     2.634     2.401     4.968     4.549     4.008     1.520     0.352     0.226     0.053
     0.816     2.191    -0.304     1.592     0.871     0.033     0.402     1.046     1.868     1.387     0.295     1.502     3.590     3.818     0.770     0.352     0.107     0.053
     0.916     2.819     1.109     0.011     1.465     2.404     2.185     2.634     2.182     3.291     2.344     3.338     1.695     3.005     1.158     0.352     0.139     0.053
     0.464     3.134     1.304     2.935     0.856     1.242     1.329     1.778     2.568     2.015     2.801     0.808     1.947     1.271     1.313     0.352     0.049     0.053
     1.761     0.574     1.847    -0.969     0.011    -1.020    -0.924    -0.337    -3.731    -1.155     1.137    -1.772    -2.491    -2.370     0.889     0.352    -0.240     0.053
     1.095     0.852    -1.630     0.653     0.760     1.763     0.817     0.894     1.951     0.538     2.117     1.210     2.944     3.297     0.625     0.352     0.119     0.053
     2.194    -0.728     0.287    -2.338    -0.981    -3.733    -2.961    -2.922    -4.976    -6.324    -7.312    -7.821    -7.292    -9.708     0.807     0.352    -0.733     0.053
     1.832     1.875     1.415     2.744     1.848     2.892     1.161     4.145     2.667     4.754     5.495     7.069     6.549     7.757     1.015     0.352     0.427     0.053
     3.964    -1.080     0.701    -0.671    -0.931    -1.001    -1.415     1.245    -0.944     0.764    -0.455    -0.834    -0.345    -1.790     0.799     0.352    -0.151     0.053
     0.633     1.068     3.604     1.564     2.705     3.035     2.309     4.342     4.029     4.521     6.897     4.469     6.969     5.814     1.136     0.352     0.398     0.053
     1.627     0.835     3.957     3.473     2.823     4.212     6.113     5.894     5.869     8.468     8.067     5.918    10.213     8.722     1.429     0.352     0.609     0.053
     2.423     1.264     0.308     2.018    -0.907     1.506    -2.236    -3.170     0.083    -1.458    -3.151    -0.552     0.224    -0.557     0.951     0.352    -0.199     0.053
     1.035     2.213     2.870     2.060     1.930     1.866     0.926     1.973     1.371     1.405     1.306     2.427     1.994     2.982     1.323     0.352     0.069     0.053
    -0.856     1.939     3.755    -0.231     1.121     2.420     0.767     1.248    -0.493    -0.139    -0.134     1.404    -1.096     0.064     1.167     0.352    -0.085     0.053
     0.814    -0.286     1.766     1.790    -0.611    -0.826     0.155    -2.042     0.452    -0.021    -1.265    -1.527    -1.567    -0.299     0.836     0.352    -0.166     0.053
    -0.457    -1.294     1.104     0.279     0.862     2.917     0.112     2.739     0.122     1.697     5.279     2.008     5.391     4.255     0.366     0.352     0.263     0.053
     2.743     0.214     2.478     5.703     2.333     1.990     2.196     4.816     4.035     5.554     5.290     8.247     6.883     7.719     1.282     0.352     0.458     0.053
     2.191     0.413     3.121     3.622     2.387     3.928     5.699     4.759     3.950     5.351     6.798     5.734     6.812     8.285     1.396     0.352     0.468     0.053
    -0.018     2.027     3.528     3.063     5.662     1.808     5.259     5.955     5.063     7.819     8.369     6.785     7.636    10.761     1.323     0.352     0.607     0.053
     2.423     0.864     0.894     2.487     1.082     0.764     1.973     1.331     0.845     1.636     0.821     1.246     4.079     2.799     1.092     0.352     0.086     0.053
    -1.833     0.927     1.642    -1.469     0.780    -0.204     0.115     0.793     0.662     0.722     0.258    -1.399    -1.128    -0.285     0.623     0.352    -0.083     0.053
    -0.373     1.569     0.141     3.497     2.108     1.398     2.451     1.254     5.993     3.875     1.726     3.904     5.860     4.171     0.931     0.352     0.279     0.053
     2.203    -0.056    -0.290     0.592     0.024    -0.616     1.632     0.736     1.413     2.115     1.537     0.774     1.739     0.867     0.756     0.352     0.037     0.053
     1.096     3.408     0.246     1.406     1.909     2.220     1.741     2.091     3.090     4.489     2.855     1.269     0.835     1.086     1.405     0.352     0.066     0.053
     1.569     1.962     3.444     3.226     4.514     1.339     2.399     4.721     3.317     5.048     6.280     3.733     5.284     5.002     1.562     0.352     0.307     0.053
     2.198    -2.107    -0.374    -1.979    -1.768     0.579    -2.506    -1.272    -1.889    -1.463    -0.780    -2.699    -3.722    -5.232     0.516     0.352    -0.318     0.053
     1.193     2.777     1.191     1.074     0.968    -0.222     0.927     2.288    -1.690    -1.686     1.051    -2.411     0.263     0.303     1.229     0.352    -0.136     0.053
     2.054     1.336     0.557     2.654     2.669     2.309     5.014     4.543     4.374     4.384     5.479     6.185     7.522     5.904     1.188     0.352     0.425     0.053
     1.922    -0.326     0.168    -2.461    -2.410    -3.990    -2.699    -3.783    -6.283    -6.503    -7.307    -9.838    -8.168    -6.859     0.613     0.352    -0.736     0.053
     2.099     3.145     2.597     1.302     0.284     0.571    -0.975     2.076    -0.703    -0.349    -0.124     0.287    -1.762     0.690     1.412     0.352    -0.148     0.053
    -0.615     1.429     0.622     3.469     2.607     0.229     1.928     1.397     4.385     4.233     3.171     4.224     3.572     4.815     0.897     0.352     0.264     0.053
     0.097     0.453    -0.693    -2.657    -2.784    -4.504    -3.985    -6.088    -5.275    -7.720    -6.771    -7.288    -7.731   -10.402     0.350     0.352    -0.756     0.053
     3.347     1.226     4.311     0.071     1.924     0.686     1.283     0.309     1.010    -0.111    -0.845     0.299    -1.111     0.578     1.569     0.352    -0.139     0.053
     0.710     1.192     0.978     1.121     1.989     1.568     0.400    -1.915    -0.770     0.254     0.341     0.021     0.249    -0.202     1.043     0.352    -0.098     0.053
    -0.165     1.056     3.696    -2.010    -0.715     0.122    -1.458    -1.076    -2.007    -2.077    -2.235    -2.571    -4.473    -2.683     0.906     0.352    -0.330     0.053
     0.948    -0.117    -0.081     1.902    -1.827    -0.461     1.150     0.929    -1.513     0.414     0.715    -0.268     0.231    -0.324     0.675     0.352    -0.069     0.053
     1.422     3.095     2.404     5.043     5.616     5.070     5.976     6.157     8.218     9.191     9.904     8.805    12.117    10.601     1.681     0.352     0.754     0.053
     2.512     4.682     2.009     2.623     3.712     5.452     0.934     4.918     5.829     3.285     5.437     4.032     6.087     3.795     1.899     0.352     0.270     0.053
    -0.606     1.264    -0.082     2.378    -0.009     0.048    -0.524    -0.304     1.852     2.633     1.545     2.091     0.486     0.227     0.708     0.352     0.026     0.053
     0.513    -0.043     0.805     1.271     0.842     1.411     1.939     2.989     3.123     4.010     1.297     3.490     2.180     2.980     0.834     0.352     0.177     0.053
     1.266     2.499     2.567     3.487     1.229     2.259     2.286     4.200     4.109     3.248     2.963     3.324     5.865     1.917     1.480     0.352     0.202     0.053
     2.904     0.058     0.830     0.932     1.706     1.621     0.830     0.821     1.476     1.205     2.352    -0.926    -1.198     0.181     1.270     0.352    -0.075     0.053
     2.042     0.036    -0.183    -0.214     0.187     1.207     0.121     0.116     2.732    -0.480     0.232     0.194    -1.790     0.565     0.865     0.352    -0.081     0.053
     3.968     1.638     5.063     5.912     2.297     4.273     5.615     3.690     7.454     6.974     7.282     7.752     8.313    10.105     1.872     0.352     0.554     0.053
     0.158     3.392     3.830     5.567     6.489     2.622     4.859     5.844     6.764     5.499     6.105     7.185     8.271     8.321     1.840     0.352     0.509     0.053
     1.204    -1.870    -1.035     0.385     1.846     0.412     0.547    -0.411    -0.299    -0.879     1.388    -0.733    -1.236    -1.511     0.686     0.352    -0.113     0.053
     0.852     1.598    -1.043    -0.497    -0.005     0.438    -0.656     1.412     1.215     0.096    -0.941    -2.116    -2.848    -0.975     0.886     0.352    -0.176     0.053
    -0.054     0.499     1.015     0.600     0.206     2.007     0.539     1.712     1.719     0.914    -0.147     1.557     1.444     3.009     0.725     0.352     0.068     0.053
     0.870     1.038    -1.000    -1.145     0.437    -0.286    -1.481    -1.326    -1.967    -2.847    -2.607    -0.570    -1.783    -1.910     0.612     0.352    -0.237     0.053
     2.487    -0.861     0.734     0.428    -0.340    -0.730     1.652     0.561     1.155     0.438    -0.317     2.101    -0.128    -0.959     0.848     0.352    -0.058     0.053
     2.178     1.627     0.455     1.903     1.090     2.205     1.462     2.585     0.268     0.717    -1.035    -0.467     0.951    -0.587     1.406     0.352    -0.094     0.053
     1.668    -2.542     0.037     1.741    -1.472     1.618    -1.776     0.205     0.969     1.740    -2.152    -2.853    -3.821    -0.686     0.745     0.352    -0.195     0.053
     0.276    -0.769    -0.512    -0.909     0.034    -2.710    -3.489    -4.305    -1.641    -2.743    -3.808    -4.744    -5.105    -2.912     0.362     0.352    -0.400     0.053
     1.792     1.519     0.888     3.781     1.290     0.477     2.393     1.585     1.805     1.585     0.310     0.292     1.248    -0.952     1.473     0.352    -0.057     0.053
     0.238     1.424    -0.363    -0.324    -0.883    -0.615    -1.961    -1.409     0.522    -0.967    -2.620    -4.142    -4.967    -2.644     0.800     0.352    -0.332     0.053
     2.142    -0.352     0.928     1.301     2.344     1.569     0.529     3.891     4.189     3.470     4.975     5.914     3.893     5.259     0.853     0.352     0.322     0.053
     1.067     0.630     0.351    -1.033     0.888    -3.228    -3.124    -2.663    -4.001    -3.471    -3.503    -5.730    -6.405    -5.777     0.850     0.352    -0.531     0.053
     0.221    -1.814    -0.757    -0.821    -0.341     1.313    -0.909    -2.977    -2.080    -2.082    -2.547    -2.655    -3.988    -6.402     0.609     0.352    -0.365     0.053
    -1.031     0.391    -0.836     0.129    -1.353    -2.580    -1.177    -0.930    -4.005    -2.736    -2.305    -5.850    -4.487    -4.018     0.491     0.352    -0.393     0.053
    -0.370     2.289     1.343     2.928     3.572     4.560     5.431     6.534     7.396     9.625     7.874     7.180     8.708    10.415     1.172     0.352     0.679     0.053
    -0.663    -0.775    -0.892     0.818    -1.229    -2.195     1.289    -0.704    -1.332    -2.107    -2.093    -3.727    -2.443    -3.973     0.531     0.352    -0.281     0.053
     0.912     0.851    -0.570    -1.257    -2.718    -0.645    -1.357    -1.386    -2.166    -2.469    -2.921    -2.551    -3.361    -4.186     0.576     0.352    -0.338     0.053
     0.979    -1.055    -0.989    -0.170    -1.673    -2.332    -3.347    -0.517    -3.743    -3.100    -3.755    -5.682    -5.852    -7.225     0.612     0.352    -0.510     0.053
     3.004     1.159     0.059    -0.167     0.792    -1.521    -0.453    -2.546    -3.906    -2.628    -3.833    -4.393    -5.506    -3.352     1.176     0.352    -0.458     0.053
     2.483     0.024     1.085     1.381     0.995     2.177     3.825     4.719     4.363     4.728     4.292     2.885     5.550     4.706     1.072     0.352     0.312     0.053
     2.998     0.911     2.885     1.015     4.307     2.441     1.858     4.306     4.101     1.840     3.597     3.767     4.303     4.590     1.472     0.352     0.223     0.053
     1.877    -0.798     0.744     0.647    -0.072    -0.248    -3.102    -2.755    -1.519     0.146    -2.160    -2.493    -3.464    -2.665     0.795     0.352    -0.298     0.053
     1.783     0.520     1.256     2.369     1.136     0.743     2.478     0.534     2.051     2.995     2.256     0.244     3.050     2.916     1.075     0.352     0.100     0.053
     1.204     2.263     1.167     3.289     3.569     4.712     4.097     6.055     5.639     7.643     6.259     8.451     8.714    10.132     1.244     0.352     0.616     0.053
    -0.634     0.959     0.968     1.595     2.535     1.344     2.250     0.778     1.573     3.074     4.133     1.138     1.890     2.977     0.918     0.352     0.139     0.053
     0.203     1.647     3.074     1.073     0.322    -1.430    -1.236    -0.293    -3.037    -0.406    -1.334    -0.144    -2.945    -2.137     1.068     0.352    -0.248     0.053
     0.250     0.213     0.845     1.180     2.555     2.657     0.647     1.610     3.006     2.741     1.555     1.089     2.312     3.924     0.904     0.352     0.138     0.053
     0.913     0.767     2.802    -0.917     1.482    -0.098     2.262     1.408     3.257     2.177     3.434     2.083     3.520     3.330     0.836     0.352     0.174     0.053
     0.155    -0.096    -0.392    -1.125    -1.789    -0.700    -2.819    -1.151    -3.921    -2.745    -2.118    -1.275    -5.685    -2.974     0.411     0.352    -0.334     0.053
     2.272     2.700     1.793     1.968     0.686     1.782     1.134     0.582     0.102     2.971     1.618     0.365     1.274     0.373     1.436     0.352    -0.032     0.053
    -0.794    -0.149     1.928    -0.271    -1.488    -2.104     0.147    -1.660    -2.854    -1.635     0.254    -2.431    -2.398    -0.405     0.430     0.352    -0.191     0.053
     2.385     0.957    -0.985     0.818     0.233    -0.293     0.789     1.957     1.915     3.006     0.149     1.639     0.967     1.264     0.872     0.352     0.034     0.053
     0.201     1.138     2.889     0.385     2.927     0.854     0.341     1.733     1.037    -0.279     0.766     0.986     1.167     0.479     1.151     0.352    -0.025     0.053
     0.958     0.731    -1.167    -1.122     2.445     0.652     0.371    -0.144    -2.439    -1.053     0.848    -0.420    -1.678    -2.440     0.858     0.352    -0.171     0.053
     0.812     3.309     1.187     1.320     0.677     1.241    -0.524    -2.859     1.149    -1.471    -2.655    -2.431    -1.263    -2.144     1.322     0.352    -0.271     0.053
     2.103     1.342     2.955     3.848     1.555     2.346     1.829     2.390     3.432     3.846     2.723     4.005     3.202     4.391     1.435     0.352     0.195     0.053
     0.888     0.813    -0.933     1.696     0.417    -2.368     0.492    -1.433    -1.941    -2.689    -2.174    -3.041    -4.146    -3.135     0.937     0.352    -0.340     0.053
    -1.204    -0.522    -0.451     2.036    -0.030    -1.682     2.235     2.105     0.879     2.321     2.213     0.013    -0.261     2.066     0.489     0.352     0.062     0.053
     1.261     0.446     0.763    -2.041    -1.064    -1.379    -2.739    -0.855    -1.485    -4.011    -3.549    -3.934    -2.756    -3.131     0.621     0.352    -0.356     0.053
     1.165     1.725     0.751     0.235     1.592     1.526    -0.066     0.202     0.297    -0.246     0.184     1.191     0.607    -1.090     1.084     0.352    -0.084     0.053
     3.532     1.584     0.193     0.379     0.448     0.434     0.835     0.826    -0.381    -2.532    -3.814    -1.456    -1.942    -1.743     1.355     0.352    -0.277     0.053
     2.598     0.170     2.790     3.565     3.652     2.294     1.686     2.224     3.552     2.160     5.122     2.916     4.986     3.527     1.444     0.352     0.212     0.053
     1.428     2.417     2.820     5.499     4.297     5.549     4.994     6.619     9.508     9.809    12.418    11.784    10.706    12.423     1.513     0.352     0.860     0.053
    -0.150     0.192    -0.090    -0.261    -1.479    -0.427    -1.868    -2.040    -2.553     0.084    -4.476    -3.363    -4.133    -4.553     0.639     0.352    -0.366     0.053
     1.467    -0.092     0.169     1.437    -0.609    -0.065    -1.650    -2.097    -1.747    -0.841    -2.712    -2.582    -2.237    -2.782     0.847     0.352    -0.289     0.053
     0.823     1.087     0.240     1.064     0.636    -0.424    -1.394    -2.593    -0.536     0.113    -2.298    -0.629    -0.862    -1.508     0.827     0.352    -0.193     0.053
     1.599     2.518     2.316     3.053     1.554     2.514     0.963     0.474     0.750     0.691     1.395     2.496     1.097     3.206     1.408     0.352     0.031     0.053
     1.889     0.703    -0.622     0.375    -1.129    -0.958    -3.656    -1.994    -5.426    -3.950    -2.100    -6.807    -5.104    -4.103     0.818     0.352    -0.489     0.053
     0.975     0.511     0.144     1.967     2.134     1.120     2.915     2.213     1.485     2.155     1.805     1.301     2.288     1.580     1.076     0.352     0.083     0.053
     0.049    -0.095     2.973     1.225     1.574    -0.227     1.469     0.273     0.045     2.979     3.558     1.002     1.053     2.059     0.875     0.352     0.072     0.053
     2.281     2.247     0.728    -1.510    -0.721    -1.838    -1.473    -0.274    -1.707    -1.850    -2.471    -3.484    -3.024    -4.026     1.027     0.352    -0.359     0.053
     1.183     1.155     0.363     0.222    -1.603    -1.188    -3.158    -1.187    -0.392    -3.508     0.149    -1.512    -4.635    -4.873     0.833     0.352    -0.342     0.053
     1.732     1.522     0.988     1.418     0.379     0.888     0.938     1.136     2.525     1.550     1.944     1.334     2.514     2.119     1.018     0.352     0.072     0.053
    -0.270     1.082    -1.033     1.338     1.207     3.141     0.029     1.491     1.317     1.358     3.434     3.308     3.564     0.387     0.730     0.352     0.132     0.053
    -0.507     2.009     0.798     2.296     0.743    -0.878    -0.551    -0.105     0.149     1.068    -0.327    -0.542    -2.141    -0.800     1.007     0.352    -0.148     0.053
     1.668     0.895     1.695     2.060     1.811     2.158     2.718     3.997     3.419     3.388     1.406     3.870     4.842     5.882     1.115     0.352     0.265     0.053
    -0.013     1.273     2.533    -0.136    -2.001    -1.462    -2.631    -1.332    -3.184    -5.053    -3.830    -1.713    -2.467    -2.464     0.667     0.352    -0.342     0.053
     0.759    -0.011    -0.184     0.898     2.563     0.539     2.884     1.266     2.628     1.719     3.538     3.276     3.464     3.411     0.739     0.352     0.203     0.053
     1.644     2.008    -2.380    -1.896     1.416     1.172    -0.816    -1.768    -1.546    -0.151    -1.012    -0.478    -2.627    -0.822     0.759     0.352    -0.186     0.053
     4.087    -0.631     0.346    -0.484    -0.203    -0.791    -2.853    -3.904    -3.878    -5.990    -4.181    -5.369    -7.566    -6.646     1.149     0.352    -0.622     0.053
     0.750     0.456     1.013     0.791     2.886     3.974     3.947     4.730     3.167     3.789     5.186     3.073     5.245     5.114     1.074     0.352     0.327     0.053
    -0.017     2.758    -0.299    -2.767    -3.580    -4.005    -2.688    -5.484    -8.068    -5.711    -6.286    -8.257   -10.765   -12.499     0.776     0.352    -0.872     0.053
     3.343     0.420     0.429     0.403    -2.665    -1.325    -0.230     1.868    -1.104    -0.566    -1.646    -0.954    -0.010    -0.927     0.827     0.352    -0.158     0.053
    -1.929    -0.064     0.626    -1.553    -2.413    -2.688    -1.248    -3.702    -4.957    -4.253    -5.782    -4.855    -6.562    -7.600     0.390     0.352    -0.556     0.053
     0.185     0.151     2.152     2.614     0.176     0.762     0.472    -0.896     0.614    -0.031    -1.143     0.160     0.645    -2.120     1.049     0.352    -0.128     0.053
     3.178     1.293    -0.254     1.657     0.339    -1.209     1.410    -1.507     0.461    -1.486    -1.888    -2.368    -3.153    -4.076     1.373     0.352    -0.326     0.053
     2.407     1.816     2.182    -0.552     0.038    -0.188    -1.568    -1.789    -2.135    -2.205    -2.560    -2.909    -2.205    -4.231     1.228     0.352    -0.366     0.053
     1.953     1.156     0.368     0.709    -1.923    -0.603    -1.382    -0.886     0.693    -1.881    -3.651    -0.290     0.124    -1.567     0.781     0.352    -0.197     0.053
     0.883     1.708     2.784     0.314     3.099     2.878     4.080     6.374     4.523     7.415     7.635     7.180     7.226     8.229     1.078     0.352     0.551     0.053
     1.809    -2.809    -0.618     0.654     3.464     0.631    -0.953    -0.406     0.426     0.772     1.191    -0.715     1.471     0.337     0.628     0.352    -0.016     0.053
     1.739     1.278     3.844     2.764     4.408     3.818     3.903     2.546     6.538     4.403     5.929     6.284     8.482     6.734     1.460     0.352     0.449     0.053
     0.287     1.597     0.280    -1.155    -1.225     0.703     0.954    -0.028    -0.594    -1.842    -3.032    -3.480    -3.911    -2.820     0.952     0.352    -0.311     0.053
     1.175     0.397     0.657     0.862    -0.546     0.104    -0.430     0.528     0.462    -1.647     0.400    -0.810    -2.688    -2.763     0.980     0.352    -0.206     0.053
    -0.200     1.148    -0.043    -0.110     1.473     0.022    -0.737     1.647    -0.230     0.032     1.884     2.025     0.691     1.804     0.594     0.352     0.037     0.053
     1.905     0.953     2.343     4.606     1.700     3.692     1.673     2.519     2.844     3.559     5.544     4.256     5.564     3.070     1.405     0.352     0.253     0.053
     0.124    -0.826     2.349     2.714     1.131     1.709     1.789     0.630     1.996     3.040     1.131     1.811     3.790     2.805     0.874     0.352     0.141     0.053
     2.766     0.344     1.085     0.113     1.227     0.803     1.599     1.415    -0.054     2.569     0.825     2.526     2.856    -0.214     1.047     0.352     0.035     0.053
     1.265     1.040     2.092     3.207     2.816     1.655     1.519     0.090     0.446     2.683     1.184     0.422     0.682     0.651     1.441     0.352    -0.029     0.053
    -1.436    -0.607     0.872     1.872    -0.808     2.228     2.527     4.544     5.515     3.511     3.305     5.037     5.414     4.359     0.469     0.352     0.362     0.053
     2.133    -0.387     0.212    -2.017     1.085     0.008    -0.124    -0.307     0.016    -1.117     0.408     0.568     0.393    -0.625     0.650     0.352    -0.079     0.053
     1.273     4.185     3.671     3.988     4.822     5.583     8.580     8.402     7.921     9.668    10.495    11.439    11.102    11.510     1.869     0.352     0.815     0.053
     2.205    -2.895    -0.100     0.269    -2.397    -3.380    -3.655    -5.495    -4.317    -5.074    -5.018    -6.799    -4.535    -8.198     0.425     0.352    -0.593     0.053
     1.553    -0.628     0.401    -0.150     0.611    -1.690     1.058     0.962     0.183     0.411    -0.405    -0.108     0.447    -0.686     0.712     0.352    -0.074     0.053
     0.025     1.378    -0.969    -1.091    -0.451    -0.389    -1.966    -0.188    -1.612    -1.835    -3.265    -3.792    -3.238    -3.958     0.710     0.352    -0.337     0.053
     0.481    -0.310     1.308     1.846     2.179     1.853     2.383     2.509     0.463     0.543     1.691     0.896     0.220     0.489     1.148     0.352    -0.001     0.053
     0.860     1.148     2.866     3.508     3.012     7.430     7.153     5.910     8.301     7.450    11.289    10.607    10.631     8.554     1.430     0.352     0.750     0.053
     2.221     0.110     0.021    -0.225    -1.129    -0.925    -1.372    -2.040    -2.653    -2.974    -3.892    -4.453    -3.844    -5.916     0.940     0.352    -0.452     0.053
     2.532    -0.014     0.641     2.885     1.665     1.631    -0.166     0.086    -0.323    -0.454     0.958     0.036     0.069    -1.837     1.290     0.352    -0.133     0.053
     2.081     1.345     2.136     2.922     0.965     1.895     2.621     2.123     2.236     2.214     4.272     2.864     3.805     3.282     1.281     0.352     0.173     0.053
     1.356    -0.016     0.785    -2.069    -2.444    -2.649    -1.992    -1.223    -1.951    -1.725    -5.045    -4.612    -4.425    -5.038     0.607     0.352    -0.429     0.053
    -0.384    -0.656     0.037     0.569    -1.348    -0.678    -1.029    -2.362    -2.815    -5.635    -3.291    -5.442    -6.330    -3.327     0.645     0.352    -0.451     0.053
     1.991     1.052     0.793     1.278     0.178     3.029     0.508     1.901     1.680     0.684     2.657     1.572     2.661     1.992     1.043     0.352     0.079     0.053
     1.794     0.898     0.755     1.031     1.621     0.442     1.906     2.623     0.967     0.431     0.752     2.871     3.065     1.493     1.022     0.352     0.072     0.053
    -0.954     1.018     0.397    -1.845     2.619     1.818     2.894     1.815     2.162     1.376     1.914     3.307     4.231     6.020     0.473     0.352     0.262     0.053
     0.031     4.048     2.347     2.382     1.610     2.750     1.691     0.475     2.112     1.997     2.207     3.190     2.433     3.622     1.346     0.352     0.115     0.053
    -0.337     2.091     0.976     1.960     3.878     4.858     4.242     4.871     6.720     8.693     6.785     8.930     8.745     9.816     0.988     0.352     0.660     0.053
     0.642     0.623     0.080     0.696     1.056    -0.784    -0.611     0.051    -1.750     0.566    -4.115    -1.850    -2.761    -4.106     1.018     0.352    -0.300     0.053
     2.428     1.796     1.751     1.161     2.596     0.825     2.466     0.725    -0.694     2.121     2.174     2.211    -0.699     1.711     1.400     0.352    -0.010     0.053
     0.458     0.199    -0.435     2.524     1.082     2.897     2.759     2.258     4.258     4.284     2.377     4.288     2.204     4.535     0.880     0.352     0.245     0.053
    -0.381     1.387    -0.181    -0.130     1.909     1.712     4.019     1.763     5.226     2.440     5.112     5.233     2.758     5.953     0.673     0.352     0.327     0.053
    -0.228     2.249     4.372     3.240     3.885     1.850     2.386     2.890     3.333     4.404     4.862     5.553     5.629     8.658     1.237     0.352     0.390     0.053
     1.436     1.312     1.500     3.298     3.412     3.970     5.085     2.175     3.891     4.960     4.089     5.886     7.150     5.869     1.333     0.352     0.383     0.053
     0.445     2.927    -0.011     0.549     2.083    -0.329    -0.315     2.069     2.839     2.355     4.785     2.960     3.420     4.716     0.744     0.352     0.219     0.053
    -1.526     2.296    -1.960    -0.321    -2.031    -1.631    -1.224    -1.134    -2.780    -1.956    -2.499    -3.867    -3.656    -5.467     0.515     0.352    -0.365     0.053
    -1.344     0.189     1.500     2.288     4.791     2.845     5.185     5.642     3.275     5.576     6.782     7.274     9.035    10.110     0.743     0.352     0.618     0.053
     0.397     0.983     1.927    -1.579     0.610    -0.710    -2.093    -0.752    -1.445    -1.599    -0.022    -1.586    -3.003    -1.769     0.778     0.352    -0.232     0.053
     3.674     1.718     3.301     0.456     4.578     6.929     4.466     5.010     8.364     8.346     7.602    10.287     8.509    10.173     1.561     0.352     0.657     0.053
     0.369     1.028    -0.377    -0.970    -2.904    -3.093    -2.888    -3.510    -2.103    -5.370    -4.839    -3.724    -5.171    -3.705     0.384     0.352    -0.450     0.053
    -1.247     0.164     0.958     0.355     1.667    -0.510    -0.753     0.803     4.322     2.689     2.589     1.406     3.484     2.680     0.433     0.352     0.171     0.053
     0.919     2.203    -1.584     2.858     0.677     1.680     1.091     4.113     1.323     3.105     2.921     2.837     4.416     3.193     0.908     0.352     0.200     0.053
     1.155     0.174     2.570     1.769     2.098     1.782     3.442     3.809     3.665     2.860     5.124     3.717     8.351     7.874     0.861     0.352     0.419     0.053
     3.519     3.559     2.020     0.332     2.831     4.897     5.096     3.682     4.095     4.811     5.743     5.516     4.213     7.264     1.657     0.352     0.349     0.053
     0.084     1.053     0.162     0.761     3.379     3.790     3.100     2.057     3.726     5.292     3.947     2.921     2.957     4.105     1.051     0.352     0.253     0.053
     2.313    -0.124     2.387     0.170     2.619     3.198     0.596     1.358     4.677    -0.205     2.189     3.876     1.145     2.793     1.180     0.352     0.102     0.053
     0.529     1.121     2.246     0.736     2.964     2.657     2.605     1.276     3.696     3.957     4.051     6.656     3.607     5.120     1.002     0.352     0.306     0.053
     1.103     3.236     3.204     2.494     3.671     3.340     5.604     7.846     5.415    11.257     6.459     7.530     8.571     7.255     1.617     0.352     0.577     0.053
     2.309     1.367     0.434    -1.779    -1.042     0.826     0.055     0.365    -1.968    -2.756    -2.904    -3.270    -2.936    -4.097     1.083     0.352    -0.351     0.053
     1.749     2.142     0.351     3.732     3.321     3.713     1.881     3.839     3.110     4.819     2.643     3.091     4.083     4.557     1.475     0.352     0.226     0.053
    -0.485     0.655    -0.522    -0.564     0.504     0.532     1.103     2.387     2.386     2.623     2.550     1.933     0.012     2.212     0.555     0.352     0.109     0.053
     3.506     0.304     2.514     0.650     0.824     0.310     1.152     0.427     0.349     0.174     2.063     0.045     1.110     0.371     1.228     0.352    -0.053     0.053
     1.807     0.773     1.847     1.537     2.136     0.869     1.532     0.891    -0.773     0.484     0.373     0.504     1.407    -0.376     1.267     0.352    -0.066     0.053
     0.889    -0.155     0.735    -0.209     0.153    -0.912    -2.893    -1.335    -2.534    -4.409    -3.477    -3.276    -3.938    -5.882     0.855     0.352    -0.435     0.053
     0.754     1.494    -1.073     1.537     1.121     1.404     0.364     3.154     2.001     2.493     2.130     4.588     3.284     4.558     0.694     0.352     0.222     0.053
     1.536     1.778     1.123     4.292     2.707     4.177     2.573     3.840     5.089     4.905     7.160     7.599     7.238     8.028     1.213     0.352     0.495     0.053
     1.163     0.208     0.590     1.007    -0.454     2.499     1.283     0.869     6.087     2.481     2.460     2.432     2.618     4.235     0.753     0.352     0.197     0.053
     2.687     2.546     1.193     0.902     1.153     0.178     1.708     2.547     3.787     2.379     1.297     1.999     4.229     5.035     1.119     0.352     0.170     0.053
     0.935     1.810     1.304     0.663     2.401     2.058     1.624     0.149     2.329     3.153     0.014     1.261     1.851     2.370     1.156     0.352     0.055     0.053
     1.188     0.335     2.563     1.101    -0.300    -0.251    -0.289    -0.778    -1.310    -0.227    -1.328     0.712    -2.351    -0.246     0.964     0.352    -0.167     0.053
     2.048    -2.183    -1.416    -0.934    -1.641     0.121    -3.708    -2.421    -2.124    -2.473    -4.558    -3.263    -3.105    -4.778     0.387     0.352    -0.373     0.053
     1.228     2.972     3.637     1.265     2.610     0.497     1.404     1.406     1.430     4.446     5.023     2.932     3.153     3.356     1.328     0.352     0.170     0.053
     2.881    -0.184     3.252     1.069     0.481    -0.066     1.323    -1.237     1.378    -0.080    -0.057     0.218     0.508     0.265     1.175     0.352    -0.090     0.053
     2.786     2.138     2.361     2.044     1.509     1.711     1.431     1.264     3.190     1.372     1.664     3.037     3.303     2.206     1.417     0.352     0.088     0.053
    -0.192     0.456     1.647     1.544     0.763     4.271     2.733     3.590     2.423     1.077     3.580     1.169     2.403     1.735     1.119     0.352     0.123     0.053
    -0.705     1.681     0.954    -0.512     1.151    -0.350     1.152     2.195     2.974     2.149     0.953     1.947     0.115     2.223     0.755     0.352     0.071     0.053
     0.942     1.988     1.175     2.517     2.672     1.892     1.543    -0.910    -0.531     2.856     0.891    -0.581    -0.232     0.526     1.395     0.352    -0.075     0.053
     2.304     0.585     2.273     0.791     1.786    -0.440     0.525    -1.778    -2.187    -2.468    -1.058    -0.675    -3.237    -2.260     1.294     0.352    -0.286     0.053
     2.578     2.781     4.011     3.434     3.771     1.745     4.490     2.710     4.524     3.877     3.891     6.154     4.559     2.713     1.894     0.352     0.227     0.053
     0.726     2.875     2.727     2.180     1.984     0.742     3.778     2.296     2.037     4.049     1.339     6.659     3.351     6.344     1.197     0.352     0.263     0.053
    -1.704     0.891     1.492    -0.004     0.625    -0.146     0.192    -2.759    -1.005    -3.021    -2.324    -1.167    -1.893    -0.268     0.622     0.352    -0.201     0.053
     0.732    -0.548    -2.430     0.676    -1.375    -0.930    -0.006    -2.041    -3.044    -1.749    -1.705    -0.218    -2.045    -3.826     0.422     0.352    -0.239     0.053
     0.561     0.849     2.509     2.239     2.641     3.197     4.949     5.316     4.589     5.010     4.632     5.623     4.855     4.494     1.330     0.352     0.351     0.053
     0.427     0.691     0.356     1.634    -0.013    -0.515     0.766     1.580     1.247     1.803     2.044     0.850     2.706     3.417     0.625     0.352     0.114     0.053
    -1.023     2.298     1.531     1.965     1.100     1.609     4.172     3.789     2.779     3.693     3.098     3.909     3.629     3.194     1.065     0.352     0.232     0.053
     1.843     1.253     1.634     1.056     1.393     2.570     2.836     2.170     1.671     2.672     5.004     1.711     4.808     3.100     1.136     0.352     0.195     0.053
     3.488     1.403     0.315     2.621     2.353     3.424     4.718     0.995     1.970     2.139     5.532     4.361     3.846     5.093     1.374     0.352     0.241     0.053
     0.196    -0.610     0.250     1.415     0.793    -0.441     1.903     1.498     2.914     3.212     1.968     4.141     4.600     2.184     0.519     0.352     0.217     0.053
    -0.447     2.081    -0.966    -1.717    -1.223     0.457    -2.429    -3.596    -4.569    -3.724    -4.754    -4.431    -4.663    -4.397     0.598     0.352    -0.458     0.053
     0.111     1.157     2.242     1.897     1.638     0.872     1.786     4.238     4.185     2.425     6.249     2.376     4.966     6.018     0.903     0.352     0.315     0.053
     1.639     2.541     1.215     1.794     0.811     1.050    -0.920    -0.300    -1.398     0.155    -3.348    -2.208    -0.720    -0.676     1.317     0.352    -0.231     0.053
     0.813    -0.328     1.542    -1.070    -1.760     0.614     0.434     0.070    -0.779    -2.627    -0.399    -3.039    -2.268    -2.990     0.793     0.352    -0.249     0.053
     1.410     1.499     1.069    -1.345     1.223     2.513     2.517     5.024     3.568     1.560     4.099     3.944     1.947     2.761     1.041     0.352     0.190     0.053
     1.339     0.184     0.539     2.285     3.285     1.530     3.015     1.492     1.647     2.057    -0.646     2.492     0.463     0.333     1.316     0.352     0.002     0.053
    -0.540    -1.232     1.490     1.028     1.958     1.713     3.278     2.646     2.811     1.298     3.047     2.629     0.996     3.421     0.792     0.352     0.163     0.053
     1.588     0.866     2.188     0.068     0.670     1.087    -0.091     0.889    -0.528     0.931     2.247     2.105    -0.463    -0.742     1.061     0.352    -0.051     0.053
     0.681    -0.759    -2.190    -1.393    -0.268    -1.980    -0.748    -1.538     1.129     1.100     0.860    -2.187    -0.955    -0.657     0.205     0.352    -0.089     0.053
    -0.433    -1.781     0.384    -2.859    -1.772    -3.912    -0.648    -2.241    -3.689    -6.284    -2.729    -3.791    -5.113    -4.002     0.096     0.352    -0.401     0.053
     1.035     1.137     1.759     0.326     0.423     4.296     2.325     0.289     2.247     3.519     3.775     2.783     4.201     3.171     0.968     0.352     0.200     0.053
    -0.032     2.479     0.928     2.631     3.653     3.714     5.677     5.618     5.385     7.118     5.958     5.671     6.541     7.491     1.302     0.352     0.488     0.053
     4.151     0.979     3.250     0.942     1.135     1.721     0.877     1.314     0.352     0.684     0.325     1.246    -0.709    -1.575     1.657     0.352    -0.138     0.053
     0.426     2.564     1.067     2.958     0.663     3.481     1.547     1.182     1.258     2.399     0.705     0.002     1.497     3.142     1.279     0.352     0.039     0.053
     0.480     2.599     0.173     1.810     0.450     0.905     1.556     2.531     1.811     1.770     0.438     3.023     0.437     3.024     1.028     0.352     0.071     0.053
     2.133     0.986     0.114     1.198     0.433     0.412     1.764    -0.490    -0.123    -0.665     0.033    -0.328     1.299    -0.172     1.019     0.352    -0.086     0.053
    -0.496    -1.771     0.030    -1.459    -1.085    -2.505    -0.832    -0.252     0.124     0.249    -1.099    -0.864    -0.672    -1.545     0.108     0.352    -0.106     0.053
     1.117     1.015     0.388     2.005     3.088     0.718     2.998     2.321     2.184     2.173     1.844     3.651     0.293     3.134     1.176     0.352     0.109     0.053
     2.550     1.754     2.278     2.320     1.267     1.328     2.656     2.268     1.842     2.114     1.740     1.171     1.313     4.531     1.400     0.352     0.082     0.053
    -0.023    -0.861     4.312     3.489     5.465     3.882     6.068     5.060     5.929     5.829    10.241     8.463     9.608     9.856     1.173     0.352     0.681     0.053
     0.620     1.297     1.292     1.760    -0.899     0.366    -0.948     0.132     2.226     2.113     1.170    -0.555     1.193     0.591     0.860     0.352    -0.017     0.053
     3.511     1.455     0.091     0.621     2.060    -2.123    -0.717     0.007     0.625     0.116    -1.576    -0.426     0.047     0.981     1.074     0.352    -0.122     0.053
     2.039     1.346     1.009     2.067    -0.862     2.467    -1.340     0.873     0.904    -0.325     2.630     0.744     0.790    -0.174     1.092     0.352    -0.045     0.053
     0.269     1.128     0.047     2.784     1.252     3.475     1.740     1.912     1.659     3.384     3.698     0.765     2.567     2.150     1.088     0.352     0.126     0.053
    -0.377     1.019     1.791    -0.953    -1.609    -3.201    -1.505    -2.051    -3.003    -6.415    -4.358    -4.033    -6.996    -5.950     0.779     0.352    -0.537     0.053
    -0.276    -0.359     0.912    -0.203    -0.299    -0.334     1.292    -0.816    -2.487     1.717    -0.263    -1.081    -1.065    -2.417     0.659     0.352    -0.147     0.053
    -0.171     1.394    -0.312    -2.496    -0.836    -1.668    -1.719    -3.768    -3.064    -3.886    -3.017    -5.191    -2.654    -2.616     0.394     0.352    -0.364     0.053
    -1.783     2.458    -0.175    -1.236     1.406    -1.278    -1.316    -2.057    -0.762    -0.785    -2.655    -4.013    -1.307    -3.792     0.689     0.352    -0.284     0.053
     1.796     0.490     1.845    -0.610     0.133     1.008    -0.022     2.098     0.832     0.593    -0.721    -0.846    -0.845    -1.450     1.097     0.352    -0.135     0.053
    -1.510     0.059     0.327    -0.037     0.619     0.599    -0.167    -3.042    -0.828    -0.358    -1.982     0.283    -1.961    -2.255     0.553     0.352    -0.177     0.053
     1.439     0.606     0.576    -1.348     0.207    -1.432     0.284     0.531    -0.160     1.114    -0.704    -2.482    -0.868     0.121     0.739     0.352    -0.127     0.053
     1.410     0.317     0.946    -0.028    -0.116     1.303     1.320     1.445     1.200     2.909     2.874     1.232    -0.071     0.148     0.918     0.352     0.024     0.053
     1.244     0.628    -0.563     0.552     0.170    -0.150    -0.030    -1.417    -2.074    -1.100     0.205    -0.241    -2.215    -2.507     0.827     0.352    -0.204     0.053
     3.352     2.590    -0.173    -0.581     1.671     0.013    -0.568     1.182     1.105    -2.331    -0.279    -3.263    -3.278    -3.415     1.485     0.352    -0.310     0.053
     0.685     1.869     2.484    -0.053     3.554     3.033     1.111     0.954     1.290     2.873     1.360     3.865     2.103     2.130     1.230     0.352     0.101     0.053
     4.902     1.858     2.543     1.933     0.495     1.394     1.023     0.869     3.489     0.344     1.949     1.121     0.083     0.559     1.691     0.352    -0.060     0.053
     0.926     0.529     1.820     0.860    -1.560     0.246    -0.795    -0.363    -1.105    -0.614    -2.639    -1.314    -2.028    -1.907     0.915     0.352    -0.234     0.053
     0.316     0.685     1.573     1.686     1.742     3.898     2.675     3.655     3.146     1.501     3.897     2.156     4.665     6.876     0.962     0.352     0.284     0.053
     2.023     1.382    -0.605     0.331    -1.452     0.760    -1.796    -1.473    -0.642    -0.629    -2.382     2.103    -1.051     0.262     0.673     0.352    -0.127     0.053
     0.803     0.180    -3.697    -0.886    -1.710    -1.631    -1.645    -3.180    -4.817    -4.740    -5.788    -6.738    -6.592    -8.249     0.556     0.352    -0.609     0.053
     2.791     1.216     0.865     2.733     1.419     0.786     2.523     0.392     1.177    -0.033     0.539    -0.030    -1.355    -0.555     1.516     0.352    -0.129     0.053
     2.375     2.316    -0.502     2.903     2.034     1.256     2.583     3.138     1.412     2.780     1.432     1.726     3.612     1.935     1.354     0.352     0.096     0.053
     0.158     0.349    -0.539     1.181     0.872    -0.954    -0.006    -0.667    -0.483    -2.057    -3.206     0.272    -2.594    -1.883     0.787     0.352    -0.219     0.053
     0.809    -0.799     0.125    -0.203     0.581    -0.517    -0.623    -1.471     0.494    -1.607     1.386    -1.086    -0.955     1.001     0.497     0.352    -0.083     0.053
    -0.254    -0.790     1.405     3.091     2.589     2.757     3.977     7.041     5.648     8.419     5.349     7.763     7.442     7.720     0.837     0.352     0.577     0.053
     2.251     2.802     0.884    -0.346     1.730     0.054     1.448     0.035    -0.431    -2.311    -0.630    -0.925    -4.076    -0.928     1.416     0.352    -0.253     0.053
     0.639     1.116     0.228    -0.128     0.585     0.192     0.054     1.022     0.459    -0.326     0.341     0.403     0.535     0.986     0.742     0.352    -0.034     0.053
    -0.403     3.343     2.783     1.920     3.268     2.904     3.248     5.169     5.749     5.756     5.709     5.052     7.863     5.059     1.330     0.352     0.419     0.053
    -0.409     0.543     1.096    -0.051    -1.101    -0.335     1.231     1.512    -1.262     0.502    -1.365    -1.207    -0.929    -0.525     0.704     0.352    -0.121     0.053
    -0.143     1.483     2.890     1.079     0.113     2.660     4.070     2.584     5.192     4.080     2.075     2.158     4.674     3.180     1.106     0.352     0.222     0.053
    -0.842     0.798     1.948     1.688    -1.436     0.659     2.489     0.146     1.233     0.909     2.407     2.625     1.421     1.172     0.718     0.352     0.073     0.053
     1.267    -0.326     2.769    -0.262     2.768     0.571     1.174     0.599     2.253     0.048     0.815     1.675     1.674     0.747     1.023     0.352     0.014     0.053
    -1.614     2.600    -1.347     0.861     0.206     3.192     1.754     0.158     1.690     3.143     2.563     2.851     4.196     3.465     0.539     0.352     0.211     0.053
     2.175    -0.031     1.593     2.192     0.663    -2.484     1.020     1.483     0.295    -2.141    -1.111     1.007    -0.237     1.612     0.969     0.352    -0.084     0.053
     2.321    -0.378     1.266     3.837    -1.011     0.529     0.257     0.806     2.362     1.974    -0.207    -0.073     2.136    -0.452     1.097     0.352    -0.034     0.053
     1.476    -0.336     0.096     1.327     0.114     0.669     1.293    -2.345    -2.806    -3.563    -2.031    -0.992    -0.804    -5.167     0.998     0.352    -0.300     0.053
